0 0.48507399999999995 0.623478 0.0369 0.092044
0 0.219059 0.6668210000000001 0.03582 0.091132
0 0.35379 0.7119590000000001 0.023733 0.08818
0 0.598961 0.571271 0.021406 0.10681899999999998
0 0.500776 0.8025140000000001 0.023943 0.108094
0 0.7573439999999999 0.33852000000000004 0.027771 0.09043200000000001
0 0.564584 0.746212 0.020798 0.106919
0 0.509061 0.584956 0.023353 0.085432
0 0.26780100000000007 0.380359 0.026833 0.087802
0 0.434158 0.447558 0.019046 0.09048499999999998
0 0.8741549999999999 0.49494099999999996 0.021892000000000002 0.097435
0 0.540823 0.17962100000000003 0.029508 0.074103
0 0.583291 0.294437 0.021638 0.08063099999999998
0 0.947581 0.309633 0.029117999999999998 0.091718
0 0.896915 0.443322 0.022366 0.10364
0 0.6068139999999999 0.845597 0.023994 0.093604
0 0.733045 0.308395 0.019721 0.102732
0 0.633428 0.661356 0.02648 0.09654199999999999
0 0.643076 0.23043399999999997 0.021567 0.088052
0 0.94934 0.134107 0.018333 0.07723
0 0.064341 0.061263 0.015412000000000002 0.0728
0 0.043995 0.09501000000000001 0.016956 0.07685
0 0.9886769964243146 0.09747053370414513 0.02264600715137064 0.09323268441266057
0 0.8075089392133492 0.9270295325122498 0.029797377830750947 0.09958945834988739
0 0.8498212157330155 0.9037213614090848 0.026221692491060794 0.08687591047543379
0 0.6921806538531345 0.39110039585942774 0.034099283736308904 0.08623543430027404
0 0.6989044562800123 0.3723164398732294 0.0321781973286295 0.08111253721312905
