0 0.389088 0.800263 0.044816 0.211892
0 0.597318 0.516527 0.05162900000000001 0.209246
0 0.033703 0.459446 0.04674 0.190971
0 0.337193 0.436455 0.053318 0.187487
0 0.022114999999999996 0.7234560000000001 0.04422899999999999 0.19295499999999996
0 0.531234 0.586344 0.05727200000000001 0.195205
0 0.7805043686858959 0.493214005612537 0.040429999999999994 0.200114
0 0.162764 0.439167 0.04865699999999999 0.18654200000000004
0 0.446918 0.568708 0.045639000000000006 0.198916
0 0.3492120000000001 0.652461 0.037303 0.209549
0 0.277954 0.7971419999999999 0.05269599999999999 0.20391
0 0.422901 0.517575 0.038658 0.204589
0 0.561057 0.47362399999999993 0.036043 0.192537
0 0.233714 0.477297 0.044359 0.200664
0 0.535967 0.435942 0.033114 0.193224
0 0.179273 0.7584049999999999 0.045466 0.200093
0 0.313322 0.634179 0.045539 0.208395
0 0.20947499999999997 0.41178999999999993 0.038221 0.195955
0 0.30458584657451904 0.5364504868732761 0.06400883993496467 0.20862140423247738
