0 0.236823 0.673069 0.032894 0.08721
0 0.8500659999999999 0.501775 0.032223 0.094787
0 0.422518 0.418447 0.0318 0.075452
0 0.556534 0.556109 0.028872999999999996 0.088109
0 0.5221010000000001 0.409463 0.030468 0.07854
0 0.459988 0.311317 0.021105 0.080596
0 0.545215 0.18948000000000004 0.022361 0.057984
0 0.581592 0.344777 0.024233 0.066865
0 0.22384 0.281819 0.019451 0.077261
0 0.7499030000000001 0.480461 0.025935 0.069706
0 0.68232 0.494255 0.028588 0.103681
0 0.7006180000000001 0.5007689999999999 0.018694 0.103851
0 0.757393 0.4332210000000001 0.032313 0.070229
0 0.5277829999999999 0.17358900000000002 0.024048 0.067325
0 0.719882 0.495512 0.021652 0.084003
0 0.5155397695957957 0.8200277995940168 0.020549064673220485 0.09777594171310142
0 0.5354844500139215 0.8028364252268781 0.03263674977511471 0.10637162889667082
0 0.7416576968557298 0.41354375977796987 0.031192762194379497 0.06961221633923032
0 0.7257294778628551 0.45070960409467775 0.0258833558634214 0.08259076514823939
0 0.7056532851739192 0.4430404616166269 0.026878869550476026 0.08495050129533198
0 0.7449760758125789 0.5763655539273561 0.0265470316547912 0.09792905010434104
0 0.7464693463431606 0.5554228956219096 0.03683400642102285 0.0749216226701887
