0 0.300598 0.6485990000000001 0.051121999999999994 0.148466
0 0.6333200000000001 0.7178560000000002 0.070871 0.139525
0 0.5555619999999999 0.7324709999999999 0.049125 0.128022
0 0.727342 0.639855 0.029567999999999997 0.151135
0 0.7913360000000002 0.7486779999999998 0.032007 0.159796
0 0.36805800000000005 0.4859800000000001 0.050596 0.11203000000000002
0 0.309353 0.550891 0.036133 0.106664
0 0.991262 0.297975 0.016689 0.124528
0 0.5108298124497362 0.6840677573225067 0.03485588900035104 0.12171897746154307
0 0.5556445268787589 0.6121429070043221 0.06099780575061423 0.15048891758881688
0 0.5802303771557922 0.5446442013211028 0.0603753791613223 0.12393204977902578
0 0.5014934136103565 0.6121429070043221 0.047304420786190564 0.14827584527133425
0 0.449832006699122 0.5507301501941799 0.05352868667911039 0.14274316447762786
0 0.5055391864407544 0.5512834182735505 0.055395966446986265 0.12835819441399088
0 0.4442301673954941 0.5092350442413811 0.04854927396477457 0.12614512209650827
0 0.4881112419405788 0.4865510529871844 0.05290626008981853 0.08520328422308018
0 0.4168433974666469 0.4754856913997715 0.0410801548932708 0.14716930911259304
0 0.3972369599039494 0.40854025379592274 0.03174375605389102 0.11507976050909534
0 0.4012827327343473 0.4406298023994205 0.031121329464599157 0.11729283282657782
0 0.45063685064739495 0.4127379872105053 0.04108015489327073 0.09737518196923446
0 0.41453610846846006 0.3397066007335795 0.02863162310743114 0.11950590514406048
0 0.48642637953168394 0.33417391993987294 0.041702581482562805 0.11950590514406052
0 0.518170135585575 0.402225893702463 0.04792684737548271 0.12061244130280187
