0 0.72713 0.571035 0.043758 0.147281
0 0.46260200000000007 0.7624579999999999 0.060213 0.151102
0 0.354517 0.534711 0.048442 0.132138
0 0.6032350000000001 0.520831 0.056395999999999995 0.101381
0 0.389169 0.754179 0.045038 0.138078
0 0.49549 0.244903 0.033121 0.126623
0 0.33714700000000003 0.397001 0.031397 0.146612
0 0.225336 0.7258170000000002 0.031193999999999996 0.157708
0 0.442499 0.427286 0.034027 0.136062
0 0.7795459999999999 0.492754 0.040966 0.134959
0 0.517436 0.480245 0.061602 0.079928
0 0.676746 0.513526 0.029045 0.14664
0 0.674247 0.4176389999999999 0.051064 0.10117099999999998
0 0.5361870000000001 0.6517569999999999 0.04330500000000001 0.135018
0 0.592938 0.330016 0.039815 0.102213
0 0.557016 0.605116 0.045989 0.11208800000000001
0 0.477956 0.55966 0.051063 0.08914799999999999
0 0.419568 0.654676 0.070918 0.082297
0 0.5683679999999999 0.42141199999999995 0.0499 0.10106799999999999
0 0.547902892612381 0.5478199900715105 0.0452647873152307 0.10523095854480985
0 0.6342044376584528 0.46469637575880357 0.05272601599356534 0.12468542146906053
0 0.6725054115405712 0.3435481293668795 0.05272601599356548 0.13529694670046982
