0 0.764039 0.7203430000000001 0.052313 0.1216
0 0.427149 0.7441329999999999 0.022628 0.132222
0 0.21854500000000002 0.6292649999999999 0.027732 0.130856
0 0.590123 0.610357 0.027618 0.133265
0 0.47259 0.661568 0.024733 0.12466300000000001
0 0.707601 0.613147 0.024259 0.140604
0 0.558738 0.285275 0.034973 0.095362
0 0.130954 0.403342 0.021864000000000005 0.12365399999999999
0 0.46993299999999993 0.459788 0.034352 0.120788
0 0.493116 0.569401 0.024417 0.113831
0 0.568703 0.376395 0.028078 0.08753399999999999
0 0.8802679999999999 0.5192239999999999 0.032017 0.11108899999999998
0 0.5721663558344203 0.5330518752243555 0.035656378739566036 0.10489389724443782
0 0.5732275575826217 0.4549474265567345 0.035231898040285474 0.10112073547305528
0 0.6522446247489505 0.2799513466767709 0.04566037297142295 0.10563739256706697
0 0.6738238769533429 0.6639665405332943 0.055091323461085154 0.10807186824550051
0 0.6835123510792579 0.5835880885257033 0.018237127766428215 0.13238803860073836
0 0.673823876953343 0.5433988625219077 0.036094315371055785 0.08578204541986607
0 0.6426687836856947 0.5254994593437468 0.03761407601825816 0.08915929130253794
0 0.6884515731826656 0.4984814922823716 0.02203652938443412 0.11347546165777572
0 0.6753436376005453 0.4677485547500574 0.04445299893066888 0.0952383338913475
0 0.6605259712903223 0.4251952566283914 0.03381467440025233 0.11009821577510373
