0 0.73291 0.7462529999999999 0.019884 0.083466
0 0.70429 0.541225 0.027261999999999998 0.06346
0 0.585655 0.645264 0.039197 0.087689
0 0.6712660000000001 0.562519 0.0184 0.052154
0 0.379149 0.290089 0.023014999999999997 0.058195
0 0.5063359999999999 0.534456 0.020893 0.076812
0 0.615657 0.761992 0.031965 0.071958
0 0.459089 0.254084 0.013365 0.064708
0 0.22194199999999997 0.520693 0.023699000000000005 0.053371
0 0.47312 0.511206 0.020875999999999995 0.047041000000000006
0 0.8544069999999999 0.503008 0.024202000000000005 0.071944
0 0.830158 0.5148430000000002 0.020832000000000003 0.065622
0 0.7639960000000001 0.45303000000000004 0.026841 0.08251
0 0.305439 0.249997 0.017452 0.048006
0 0.364657 0.21603900000000004 0.026699 0.056071
0 0.5903890000000002 0.631635 0.026136 0.070831
0 0.725898553482558 0.48516897102949913 0.02154844833368557 0.06946019975693496
0 0.7591684105252261 0.4860109128447347 0.020364467656010278 0.06188272341981459
0 0.7476837979517783 0.49821906916565056 0.017286117894055337 0.06525049068075689
0 0.7022189399290574 0.44454527844438274 0.02107485606261534 0.050516508914134374
0 0.7198602520264152 0.45549052204244517 0.018943690842800436 0.06651340340361024
0 0.7569188472376436 0.4274959566858624 0.021074856062615197 0.06946019975693489
