0 0.326614 0.76401 0.052160000000000005 0.10686
0 0.565894 0.789902 0.04489 0.124671
0 0.4933449999999999 0.367817 0.023414 0.10525999999999999
0 0.391529 0.727255 0.049632 0.07755
0 0.468735 0.630363 0.023046 0.118211
0 0.7157380000000001 0.414916 0.019463 0.106887
0 0.7901280000000002 0.6152999999999998 0.020064 0.11305
0 0.383205 0.638781 0.037283 0.103583
0 0.18136600000000003 0.6636320000000001 0.025769 0.106814
0 0.271735 0.533147 0.040303 0.075752
0 0.22359799999999996 0.38073799999999997 0.038795 0.090191
0 0.2872950000000001 0.675333 0.04110300000000001 0.091925
0 0.21542599999999998 0.49559600000000004 0.019892 0.095112
0 0.29381300000000005 0.188993 0.0195 0.102553
0 0.23130700000000004 0.198224 0.022484 0.09336
0 0.169318 0.5992729999999998 0.018568 0.109123
0 0.292979892069763 0.632609009672964 0.03185800768137224 0.08394332182710784
0 0.2898509806010568 0.5860862048049281 0.03470247265292336 0.08192059118067163
0 0.3197178628023433 0.6138987511934278 0.0386847236130949 0.07888649521101698
0 0.36750487432440165 0.5284383813814927 0.028444649715510976 0.102147897645035
0 0.34588694054061336 0.4854553551447205 0.029582435704131386 0.07079557262527167
0 0.3822960921764674 0.482421259175066 0.023893505761029204 0.10315926296825303
