0 0.680335 0.39803199999999994 0.043704 0.10729
0 0.5403960000000001 0.5124 0.047035 0.09125900000000002
0 0.673654 0.6584260000000001 0.036567 0.135819
0 0.31313700000000005 0.8018569999999999 0.032507 0.128997
0 0.7452699999999999 0.239984 0.042952 0.111885
0 0.714805 0.6010930000000001 0.038305 0.12232099999999999
0 0.37884699999999993 0.4272659999999999 0.02886 0.11876899999999999
0 0.36854900000000007 0.580874 0.025956 0.13
0 0.42465600000000003 0.744842 0.032754 0.139347
0 0.6695100000000003 0.21999699999999997 0.029695999999999997 0.110699
0 0.47646399999999994 0.591688 0.031904 0.10296699999999999
0 0.607557 0.570049 0.054523999999999996 0.094272
0 0.20032200000000003 0.6049810000000001 0.022779000000000004 0.132194
0 0.487735 0.35584299999999996 0.021189 0.12011699999999999
0 0.4643869947836372 0.6644530092735339 0.033979 0.10911699999999999
0 0.530476 0.8077830000000001 0.043862 0.10335100000000001
0 0.51546 0.766328 0.040834999999999996 0.088694
0 0.5790641403496489 0.6146988796617596 0.0440328284742413 0.09243771083954215
0 0.5504896452759391 0.6434295195172929 0.040285353710476174 0.088273849990914
0 0.5495527765849978 0.6879828305976128 0.03841161632859347 0.08910662216063983
0 0.5411209583665262 0.7158806982834204 0.042159091092358596 0.1182536481010358
0 0.32404979778975607 0.7124791782222099 0.028773126759986986 0.12847535669575563
