0 0.751688 0.830591 0.044846 0.097011
0 0.6879910000000001 0.623227 0.039299 0.090017
0 0.580119 0.352718 0.034554 0.089633
0 0.7150719999999999 0.452532 0.027279 0.095788
0 0.559254 0.250728 0.026827 0.082632
0 0.519697 0.6343260000000001 0.020478 0.09839599999999998
0 0.6651160000000002 0.834747 0.022517 0.10074
0 0.602614 0.570668 0.035177 0.091818
0 0.357616 0.5682260000000001 0.023837 0.084822
0 0.53143 0.150561 0.028924 0.077638
0 0.277579 0.377748 0.016858 0.085733
0 0.553701 0.3705260000000001 0.020345999999999996 0.092077
0 0.386205 0.203314 0.017684 0.084347
0 0.6218779954528805 0.41223460053704614 0.03758053191469571 0.05567486209584551
0 0.622399947285029 0.4495831538596758 0.03183906176106177 0.04500384686080856
0 0.6152231095929863 0.481364220972721 0.030012230348541707 0.06402609141022232
0 0.6367536226691142 0.5047940587713893 0.030273206264616093 0.056138819279977666
0 0.6571373566750274 0.5263594253978066 0.04540980939692396 0.07562502101352359
0 0.5890226425796412 0.5140645600183074 0.03027320626461602 0.09186352245814526
0 0.5806714132652644 0.5094249881769869 0.03601467641825017 0.059386519568901903
0 0.5639689546365108 0.45375012608114135 0.03288296542535875 0.0825843787755042
