0 0.37648000000000004 0.7637150000000001 0.065618 0.122957
0 0.326117 0.29051 0.048432 0.120282
0 0.436039 0.441272 0.036807 0.138914
0 0.5449170000000001 0.279425 0.036363 0.133008
0 0.536224 0.48534099999999997 0.028796 0.132618
0 0.260268 0.583584 0.035264 0.145189
0 0.271516 0.279339 0.046346 0.114724
0 0.5718369999999999 0.624567 0.024831 0.14504
0 0.21231600000000003 0.660055 0.039307 0.132787
0 0.7220369999999999 0.673838 0.024672999999999997 0.141995
0 0.309526 0.700701 0.032438 0.16020899999999996
0 0.79888 0.47732299999999994 0.025291 0.131817
0 0.477225 0.7260060000000002 0.05129399999999999 0.129225
0 0.35757200000000006 0.553275 0.043943 0.072165
0 0.40788500000000005 0.288386 0.02084 0.128354
0 0.35058299999999987 0.504296 0.045101 0.089207
0 0.45431200000000005 0.6639449999999999 0.044303 0.083887
0 0.4600079999999999 0.757828 0.019781 0.151345
0 0.42895961760370027 0.5728021447694451 0.04495128299636079 0.09418364056380354
0 0.3622235795185938 0.6855613027806062 0.053026167622610886 0.12417468831777705
0 0.3622235795185938 0.6498041935791522 0.04863779512970517 0.09296848392378067
0 0.37904567407473244 0.5990941114389081 0.05083198137615796 0.0825664157924485
