0 0.532909 0.060469 0.055861999999999995 0.120579
0 0.599456 0.586542 0.060473 0.320194
0 0.5637820000000001 0.615545 0.072218 0.328947
0 0.519539 0.411244 0.080729 0.289508
0 0.19622 0.354647 0.07757 0.307511
0 0.725488 0.365923 0.075924 0.332609
0 0.50731 0.622317 0.058892 0.355835
0 0.16805721096543505 0.6579261025029797 0.07866507747318235 0.3157197722156006
0 0.2711561382598331 0.7119586809694078 0.09892729439809297 0.3178386968613428
0 0.333134684147795 0.5329095484041848 0.05840286054827178 0.35386041583896166
0 0.41835518474374256 0.5837637399019997 0.06674612634088199 0.3665739637134154
0 0.6805721096543503 0.5318500860813137 0.08343265792610247 0.3475036419017348
