0 0.5738119999999999 0.177091 0.061784 0.233226
0 0.699978 0.48823500000000003 0.04912 0.225545
0 0.262221 0.10197799999999999 0.067105 0.202644
0 0.6446510000000001 0.716422 0.054134 0.17243200000000003
0 0.501809 0.179992 0.054344 0.225145
0 0.48198300000000005 0.078573 0.059603 0.153831
0 0.593895 0.7665919999999999 0.057024 0.222669
0 0.759133 0.069303 0.032636 0.137586
0 0.4892729439809297 0.6611044894715932 0.06793802145411205 0.13984902661899085
0 0.5512514898688916 0.6950072838034697 0.09177592371871263 0.15256257449344454
