0 0.692629 0.568207 0.03085 0.11347999999999998
0 0.303161 0.72073 0.05018500000000001 0.120898
0 0.486415 0.56197 0.044108999999999995 0.102694
0 0.42275000000000007 0.315024 0.030299 0.11610300000000001
0 0.3424730000000001 0.420961 0.025794 0.094143
0 0.358115 0.565642 0.028492000000000003 0.10815
0 0.553949 0.32559699999999997 0.040101 0.074076
0 0.090094 0.22660100000000002 0.018684 0.11913800000000001
0 0.27255 0.133964 0.035131 0.108392
0 0.40356699999999995 0.292492 0.025754000000000003 0.09523900000000002
0 0.45903799999999995 0.634246 0.036015 0.093755
0 0.20387799999999998 0.6672939999999999 0.069419 0.043352
0 0.169896 0.106665 0.025019 0.11266899999999999
0 0.60759 0.201124 0.023104 0.091178
0 0.431484 0.6075120000000002 0.025444 0.08655499999999999
0 0.583053 0.369111 0.041374 0.081421
0 0.38569754957018176 0.5984037533855896 0.021041759479529177 0.12749111412540168
0 0.39428602282713243 0.5598510512099442 0.027912538085089693 0.10687877830871984
0 0.3077544029552917 0.4205374755124806 0.04264354378692932 0.1103715250955817
