0 0.649569 0.6636709999999999 0.047573 0.113415
0 0.728117 0.301327 0.03951 0.101549
0 0.588763 0.726721 0.040697000000000004 0.127264
0 0.502362 0.607841 0.025264 0.121188
0 0.600455 0.387314 0.024187 0.103069
0 0.49072000000000005 0.247922 0.018257 0.098817
0 0.7229380000000001 0.6800400000000001 0.040859 0.086752
0 0.833 0.5486840000000001 0.027552 0.119235
0 0.128666 0.564633 0.028168 0.11126699999999999
0 0.65178 0.44598 0.032605 0.087133
0 0.64433 0.518001 0.042839 0.073118
0 0.39691899999999997 0.340889 0.020919 0.09934
0 0.8584579999999999 0.451669 0.027052 0.069976
0 0.5346399999999999 0.469119 0.025589 0.094494
0 0.7080650000000002 0.449213 0.036114 0.062926
0 0.704182 0.5578009999999999 0.039078 0.073244
0 0.729379 0.4792060000000001 0.035944 0.081457
0 0.7188778067917329 0.5304611303697416 0.0375720108079301 0.07681388876287976
0 0.7163730060712044 0.598369061015186 0.03757201080793024 0.06790793064544438
0 0.7257660087731869 0.6312097815732289 0.040076811528458905 0.09351256023307102
0 0.6495828367103695 0.6144881472652628 0.05005959475566158 0.06780558866375315
0 0.8384982121573301 0.4873526685207257 0.032181168057210954 0.08899483512117605
