0 0.6931569999999999 0.838941 0.052326 0.117988
0 0.501013 0.635454 0.023549 0.116597
0 0.6239579999999999 0.8440879999999998 0.031651 0.120818
0 0.579303 0.5563230000000001 0.042595 0.086272
0 0.709157 0.46560899999999994 0.02261 0.12024499999999999
0 0.39464799999999994 0.198625 0.024445 0.09658
0 0.45965999999999996 0.49278 0.034468 0.094735
0 0.521698 0.328106 0.032482 0.094728
0 0.192233 0.36062400000000006 0.020466 0.113831
0 0.648137 0.32011 0.031619 0.097838
0 0.601296 0.2727069999999999 0.039184 0.091399
0 0.8162540000000001 0.41517699999999996 0.031166999999999997 0.10170799999999999
0 0.54914 0.338189 0.037365 0.076443
0 0.612294 0.43656600000000007 0.034679 0.085348
0 0.556879 0.457447 0.036002 0.07807
0 0.563545 0.39208600000000005 0.032603 0.073182
0 0.654721 0.5066279999999999 0.029521 0.1024
0 0.4754062149328871 0.40168963802938523 0.04047797080759317 0.10619463322984543
0 0.6425386628195622 0.4729853072145087 0.033011160658619615 0.07545408150541646
0 0.6443071178548452 0.43071704859341897 0.022400430446920652 0.09711219749308242
0 0.6276050425216151 0.4090589326057531 0.03379714067430101 0.07615273040824441
0 0.6272120525137744 0.36050283385921206 0.0322251806429383 0.08104327272803992
