0 0.27083899999999994 0.470442 0.045785 0.109713
0 0.692974 0.77377 0.027399 0.133577
0 0.216785 0.19254399999999997 0.046707 0.099546
0 0.40036 0.5438100000000001 0.051393 0.083867
0 0.503273 0.548098 0.030455 0.122276
0 0.3837769999999999 0.7798949999999999 0.041205 0.10057100000000001
0 0.531475 0.713351 0.02813 0.131129
0 0.22776 0.645101 0.041384 0.13062
0 0.479932 0.320384 0.021236 0.114782
0 0.41614199999999996 0.632238 0.04151400000000001 0.083886
0 0.292375 0.38215899999999997 0.041811 0.098972
0 0.44814600000000004 0.434393 0.030507 0.10693
0 0.435882 0.680264 0.043212 0.078944
0 0.296558 0.18462800000000001 0.027558 0.111735
0 0.807851 0.49241299999999993 0.02337 0.124763
0 0.21379699999999996 0.5959599999999999 0.036125 0.09237000000000001
0 0.359671 0.724918 0.045835 0.100298
0 0.330029 0.56444 0.046029 0.076294
0 0.4717310080586984 0.7860785746139612 0.04654412612845824 0.12970855569732492
0 0.35572232164418877 0.6824094477645501 0.042832153097753504 0.09013205912633851
0 0.3670859540986949 0.6451134232984789 0.04195802752432996 0.09013205912633851
0 0.34457722058303875 0.6144219031649414 0.03977271359077108 0.08313905453895018
