0 0.7859010000000001 0.6643700000000001 0.03729 0.16508200000000003
0 0.35385399999999995 0.7057040000000001 0.03276 0.167496
0 0.464896 0.23991899999999997 0.031143 0.129847
0 0.02702 0.565226 0.036737 0.14947
0 0.40122634824730696 0.9238458366452634 0.033353779560900916 0.15230832670947309
0 0.47872483605057653 0.20114000397510556 0.03269978388323608 0.12789248807665662
0 0.5519723519490254 0.6010946939602866 0.024851835751259443 0.15114566772695803
0 0.571592222278967 0.5615642885547745 0.04316371472587164 0.13719375993677715
0 0.575189198506123 0.4999433624814763 0.042509719048207016 0.09998867249629527
0 0.5500103649160312 0.5278471780618378 0.04447170608120111 0.09766335453126508
0 0.5778051812167818 0.4644822635147669 0.03335377956090078 0.1453323728143826
0 0.5379114448792339 0.5476123807645937 0.05297364989084251 0.06743422098587346
0 0.5006336912523447 0.5092446343415967 0.041201727692877485 0.1092899443564157
0 0.461066952753629 0.5406364268695034 0.03793174930455393 0.14184439586683745
0 0.471857881435097 0.5109886228153694 0.024197840073594747 0.12905514705917176
