0 0.959788 0.215248 0.036251 0.16735399999999998
0 0.09742993672305665 0.5089907025687949 0.0700811825551811 0.19144127917512882
0 0.3534310130822426 0.4400562613867137 0.04807701280898151 0.09471027147955517
0 0.502209877045172 0.6693244185658809 0.062370178779219285 0.1744054999196686
0 0.5213757132325361 0.6340968175887293 0.06172048941693568 0.13860039728715393
0 0.5158533536531261 0.5913616950918568 0.05067577025811559 0.14091040390860649
0 0.4914900025674936 0.5751916487416888 0.06821738303977107 0.14091040390860649
0 0.581471979243763 0.5803891636399571 0.054573906431816824 0.13975540059788016
0 0.5688030366792342 0.5503590775610738 0.04352918727299681 0.13051537411207007
0 0.4015080258912241 0.5024264401659331 0.06237017877921936 0.15939045688022702
0 0.38526579183413573 0.45276129780470287 0.054573906431816824 0.14784042377296422
0 0.5207260238702527 0.40944867365246723 0.05132545962039927 0.14206540721933272
0 0.47882106000296465 0.5076239550642013 0.04807701280898158 0.15361544032659566
0 0.4531583301927651 0.4931864136801227 0.06301986814150283 0.17325049660894237
0 0.47362354510469634 0.3846161024718522 0.04287949791071327 0.12705036417989113
0 0.4927893812920607 0.347078494873248 0.044828565997563886 0.14206540721933275
