0 0.467673 0.622401 0.04769999999999999 0.10817700000000001
0 0.932296 0.482919 0.030969000000000003 0.120831
0 0.644318 0.71585 0.024754 0.131164
0 0.3719759999999999 0.808728 0.032201 0.149194
0 0.135078 0.550413 0.049065 0.129492
0 0.20908399999999996 0.588897 0.039563 0.133522
0 0.137417 0.283898 0.041983 0.12379199999999999
0 0.47006 0.489261 0.024398 0.111458
0 0.391667 0.598509 0.057633000000000004 0.05788200000000001
0 0.38262100000000004 0.554427 0.031084 0.083507
0 0.058998808104886766 0.9026618990862135 0.07508939213349225 0.09323268441266051
0 0.1591179976162098 0.7670507217587073 0.051251489868891546 0.11442193087008334
0 0.6498693181525264 0.6113567543294597 0.02773713315826541 0.130823666596808
0 0.6410953270514425 0.5610399594845334 0.02151042979620577 0.12076030762782274
0 0.4511529617783191 0.5761273009744045 0.03849234805636847 0.1298173306999094
