0 0.258614 0.549679 0.067716 0.23735
0 0.7125530000000001 0.281694 0.052088 0.314263
0 0.446802 0.499802 0.08702199999999999 0.223305
0 0.367145 0.574667 0.101289 0.319867
0 0.515891 0.548066 0.089255 0.279324
0 0.150437 0.778538 0.064036 0.309112
0 0.304766 0.358405 0.074369 0.271793
0 0.4756723037662321 0.46366861102910745 0.07172165856174573 0.24952624818614502
0 0.5416099576052562 0.4307640508287367 0.058611247856910395 0.2687205749696946
0 0.5705299812188634 0.5294777314298489 0.08560326989627712 0.298883088486701
0 0.46002117561377726 0.7067625326371304 0.08560326989627712 0.33315867202875404
0 0.27339062322729935 0.7664020480003023 0.08097606611809993 0.30436718185342954
