0 0.4395259999999999 0.803634 0.02183 0.085623
0 0.31852 0.447436 0.021702 0.06200200000000001
0 0.426336 0.6876739999999999 0.017385 0.08031
0 0.780214 0.493628 0.016305 0.073016
0 0.21314599999999997 0.665861 0.020311 0.08031099999999998
0 0.874719 0.554556 0.018083 0.074738
0 0.8131979999999999 0.590039 0.024268 0.070697
0 0.486997 0.5018089999999998 0.022834 0.044707
0 0.8025180000000001 0.416431 0.022651999999999995 0.063402
0 0.4660639999999999 0.45203400000000005 0.017122 0.064662
0 0.462339 0.518411 0.022961 0.04745
0 0.85047 0.5493519999999998 0.022017 0.072542
0 0.44928846712534143 0.41161045787432643 0.021270156379236196 0.06694868893136637
0 0.6089889855137051 0.539928778326112 0.03312565337749895 0.06694868893136637
0 0.6212403185800689 0.9056451226851004 0.02214624368632087 0.10046418591802236
0 0.7493448833518042 0.549837774281069 0.01870975759706411 0.07331170323747585
0 0.7390354250840341 0.5366009389743024 0.019473421172454552 0.0780633877065715
0 0.8533940454987424 0.6329922524902429 0.03207387016639572 0.0726328911704622
0 0.8570214474818468 0.6482655239980504 0.021000748323235285 0.08824556871177641
0 0.8585487746326276 0.5097878623272626 0.023291739049406318 0.08009982390761251
0 0.7871462303336275 0.4378337832238141 0.02252807547401602 0.07602695150553053
