0 0.77725 0.8422719999999999 0.039994 0.10301
0 0.7380080000000001 0.605684 0.037887 0.10175200000000001
0 0.631348 0.17376099999999997 0.029886 0.082878
0 0.63928 0.530801 0.032763 0.09698999999999999
0 0.577796 0.16830999999999996 0.025686 0.074398
0 0.628366 0.630426 0.023655 0.104878
0 0.6222030000000001 0.464483 0.04215 0.073462
0 0.530627 0.438351 0.026561999999999995 0.098044
0 0.338166 0.312406 0.022308000000000005 0.090676
0 0.23478299999999996 0.547472 0.019665 0.101274
0 0.6596139369594163 0.8541199169717453 0.02559592623754412 0.10699558355153627
0 0.7870812160631305 0.3910619949055905 0.03157815757449299 0.09451240410481156
0 0.7662955933558695 0.36157128234657043 0.021185346220862444 0.0938017845250761
0 0.6233944372434489 0.41557837040646267 0.043170139468927005 0.05827080553830484
0 0.6102035612946101 0.37471774457167584 0.04157124541452234 0.05756018595856936
0 0.6138010729170206 0.3072088844968104 0.03677456325130826 0.08172125166957386
0 0.690747849285247 0.5061823668227293 0.033177051628897655 0.07177257755327787
0 0.6983425960436693 0.45999209413992675 0.03637483973770699 0.08314249082904475
0 0.6847519965812294 0.4400947459073349 0.03237760460169539 0.07035133839380713
0 0.6673640237395783 0.4134465116672564 0.03117843406089179 0.06679824049512995
0 0.6763578027956048 0.3960363319637385 0.03397649865609992 0.07603629503169053
0 0.6829532407700242 0.35410977675934846 0.034376222169701126 0.07745753419116128
