0 0.594367 0.5009840000000001 0.04403300000000001 0.118717
0 0.76743 0.275317 0.041971 0.094841
0 0.475397 0.5605320000000001 0.025390000000000003 0.11614
0 0.511573 0.205641 0.024324 0.104407
0 0.52742 0.8428910000000001 0.028421 0.125508
0 0.864593 0.44420000000000004 0.031133 0.103743
0 0.6755559999999999 0.492223 0.036178 0.091107
0 0.22134399999999999 0.407939 0.023973 0.111029
0 0.522723 0.34099 0.026359 0.09965
0 0.7121610000000002 0.289112 0.036947 0.09383099999999998
0 0.614859 0.262151 0.020703 0.105595
0 0.503715 0.42709900000000006 0.030378 0.096021
0 0.6430820000000002 0.326196 0.028929 0.072069
0 0.784653 0.3965600000000001 0.029319 0.088815
0 0.617794 0.36194500000000007 0.030019 0.08150700000000001
0 0.8027510000000001 0.424623 0.019035 0.11664899999999999
0 0.607754 0.41920699999999994 0.035201 0.067127
0 0.66074 0.426881 0.037001 0.072752
0 0.6114421930870083 0.85286716991127 0.042908224076281275 0.12501655409879475
0 0.682387953786405 0.46005584973618796 0.034621632499036395 0.0812200496655516
0 0.694166447317005 0.4070724579621758 0.041046265333909135 0.07043301181934553
0 0.7039818585925051 0.3664624331294 0.041403189380290965 0.0742402016474182
