0 0.365257 0.5057930000000002 0.037597 0.076808
0 0.500473 0.597765 0.039902 0.093601
0 0.283566 0.528331 0.028918 0.078097
0 0.74924 0.444246 0.018406 0.09034800000000001
0 0.3468950000000001 0.41257600000000005 0.027515 0.064453
0 0.5318450000000001 0.268749 0.025518 0.078421
0 0.494039 0.480925 0.028122 0.090869
0 0.45454800000000006 0.37355 0.023735 0.082377
0 0.472712 0.607408 0.034104 0.079252
0 0.404067 0.596706 0.018664 0.078908
0 0.370796 0.306985 0.025432 0.07768
0 0.421678 0.33562 0.021997 0.082007
0 0.4703149999999999 0.29986300000000005 0.026651 0.07005
0 0.38089599999999996 0.614264 0.030045 0.084561
0 0.429583 0.285269 0.020545 0.062423
0 0.501797 0.45804300000000003 0.022217 0.073726
0 0.492288 0.597853 0.023223000000000004 0.090168
0 0.3830192159292683 0.2709795813377136 0.027659158450151225 0.0673440379655856
0 0.450363253894854 0.29877235891081244 0.020443725810981375 0.08444728570287723
0 0.3682877076242964 0.5884586174611887 0.05952731927315156 0.03527544845816386
0 0.45397097021443883 0.5702864167403164 0.02525401423709461 0.09941262747300733
0 0.44765746665516515 0.5457004981179598 0.03427330503605695 0.08230937973571578
0 0.4449516794154765 0.5034768552665212 0.02886173055667953 0.0748267088506507
