0 0.597532 0.270492 0.047434 0.254887
0 0.724612 0.599221 0.044654 0.26423
0 0.20988600000000002 0.772065 0.061743 0.298542
0 0.480433 0.081608 0.051632 0.162373
0 0.397257 0.34179099999999996 0.065099 0.270887
0 0.34602299999999997 0.367048 0.057809 0.278928
0 0.5776880000000001 0.6225450000000001 0.06046 0.281505
0 0.3863039999999999 0.699379 0.145002 0.143254
0 0.4708761112221829 0.6826502758552618 0.07713722074026755 0.28632130775386266
0 0.4280691920201663 0.5749030468847294 0.07968020603939728 0.2064527324330482
0 0.4975774568630447 0.5809308638900736 0.04238308831882833 0.19741100692503147
0 0.5552184569766513 0.547777870360679 0.04916438244984093 0.23960572596244276
0 0.569628707005053 0.4882531774329025 0.04577373538433463 0.25919613122981244
0 0.5280932804526013 0.6811433216039253 0.05594567658085356 0.13562588262025058
