0 0.19177500000000003 0.636585 0.038981 0.073687
0 0.605769 0.8457089999999999 0.029289 0.08172799999999998
0 0.578922 0.6486339999999999 0.031088 0.075644
0 0.21358 0.491199 0.035538 0.061966
0 0.16955899999999996 0.782901 0.037932 0.073881
0 0.8015349999999999 0.647227 0.024589 0.081349
0 0.7769849999999999 0.432856 0.024851 0.069719
0 0.11123 0.332766 0.021794 0.077834
0 0.233241 0.3455730000000001 0.032552 0.063732
0 0.205023 0.5618219999999999 0.02806 0.060777
0 0.7407339999999999 0.19867100000000001 0.020779000000000002 0.05273
0 0.582187 0.417472 0.022284 0.063405
0 0.5867179999999999 0.281567 0.026361 0.056358
0 0.581813 0.160469 0.020703 0.05683099999999999
0 0.1466030989272944 0.8804131903059197 0.04052443384982119 0.07840021189246471
0 0.2370267323191338 0.2957421478097767 0.028501373947576843 0.0558394265095383
0 0.24836911582888377 0.24248787993493928 0.024429749097923014 0.06307787068670062
0 0.2536040620641529 0.18354626306376 0.02442974909792298 0.05687348996341862
0 0.2614564814170568 0.1354623124583243 0.022684767019499966 0.05790755341729893
