0 0.7923329999999998 0.808553 0.04379 0.103448
0 0.6966160000000001 0.6301299999999999 0.03793 0.09439
0 0.520725 0.675583 0.036511 0.105984
0 0.633445 0.50546 0.037976 0.096779
0 0.301562 0.553612 0.020112 0.104493
0 0.42655099999999996 0.378468 0.024611 0.092106
0 0.47515899999999994 0.154804 0.038016 0.085318
0 0.500764 0.355854 0.0347 0.079581
0 0.651286 0.3295699999999999 0.023301 0.087191
0 0.11191599999999999 0.40484300000000006 0.021987999999999997 0.096221
0 0.48973600000000006 0.300723 0.021264 0.09626700000000002
0 0.533703 0.845665 0.027163 0.111403
0 0.5321760000000001 0.431452 0.043579999999999994 0.06101100000000001
0 0.460262 0.49079800000000007 0.020531 0.08784900000000001
0 0.32571599999999995 0.173564 0.020135 0.086128
0 0.559841 0.476134 0.025996 0.101793
0 0.6169829999999998 0.362222 0.017505 0.095151
0 0.6075607759598018 0.43629980189340983 0.043397198282843025 0.0718298454336712
0 0.5864233474858308 0.4210027051806836 0.03179967115553161 0.06384875149659663
0 0.5632282932312078 0.39639433220803705 0.031051443598930747 0.06251856917375079
0 0.5671564879033617 0.3741137783003705 0.0321737849338318 0.06052329568948217
0 0.563415350120358 0.3345408541957091 0.03142555737723107 0.05985820452805921
