0 0.464027 0.747525 0.04658799999999999 0.204717
0 0.542983 0.751927 0.05519 0.201347
0 0.618977373796295 0.7671806504525505 0.04798100000000001 0.20381199999999997
0 0.703521 0.6498620000000002 0.049333 0.19315300000000002
0 0.222893 0.769248 0.051933 0.200703
0 0.757675 0.6784540000000001 0.052258 0.200581
0 0.654235 0.515641 0.043093000000000006 0.175721
0 0.6107299999999999 0.622692 0.034964 0.152882
0 0.6638600000000001 0.735523 0.049164000000000006 0.207525
0 0.776888 0.615225 0.040659 0.18882300000000002
0 0.9911189999999999 0.6557199999999999 0.016975 0.181987
0 0.7228843861740166 0.9651039597404317 0.03933253873659112 0.06979208051913659
0 0.3808794641901777 0.5011010984778436 0.040222851620408735 0.17711806115243206
0 0.38985225416703806 0.6925206179841987 0.048267421944490393 0.181518509876716
0 0.6905954216673246 0.5643575488894266 0.027227776481507534 0.16281660279850904
0 0.4975257338893629 0.5500560905355034 0.03589115990744162 0.10341054502067465
0 0.5160901269449362 0.5192529494655151 0.05445555296301485 0.11441166683138455
0 0.5024762387041825 0.45929683559714535 0.09405959148157123 0.08470863794246747
