0 0.910685 0.532361 0.039294 0.110196
0 0.170625 0.444521 0.042666 0.086504
0 0.594737 0.6984100000000001 0.026035 0.100115
0 0.430855 0.404343 0.04072200000000001 0.100685
0 0.3682599999999999 0.6685839999999998 0.024974 0.10357699999999999
0 0.37352099999999994 0.39701099999999995 0.033518 0.077076
0 0.48598900000000006 0.590886 0.033353 0.102905
0 0.31746 0.533957 0.029756 0.09120400000000001
0 0.49951699999999993 0.584571 0.021198 0.09452500000000001
0 0.47219400000000006 0.47863 0.025832 0.100307
0 0.5071304726471156 0.462287614640169 0.02842 0.087571
0 0.52941 0.45358400000000004 0.031231 0.090339
0 0.45781800000000006 0.488776 0.016093 0.09507
0 0.427346 0.353467 0.024576 0.08117800000000001
0 0.359405 0.621001 0.029007 0.077293
0 0.51548 0.3528299999999999 0.021428 0.075747
0 0.49317054658848086 0.3617743541501905 0.03130739603222793 0.09501144654449444
0 0.4375129536422977 0.3876354579433665 0.03636717720915371 0.07702111347098067
0 0.3714195620187052 0.4913609720703441 0.026880087502417924 0.09444924863594714
0 0.3587701090763909 0.47561943063101964 0.026880087502417993 0.09332485281885256
0 0.4267609186413306 0.574004064626798 0.035734704562038075 0.08882726955047417
0 0.4341924722449403 0.5520783461934531 0.0221365426490501 0.09444924863594707
