0 0.44658000000000003 0.666836 0.045262 0.086129
0 0.246209 0.55991 0.041245 0.10783800000000002
0 0.142267 0.216684 0.019901 0.099436
0 0.315271 0.503132 0.054563 0.06269
0 0.3623080000000001 0.353887 0.026419 0.093858
0 0.49367300000000003 0.5579 0.041615 0.0891
0 0.5252060000000001 0.522839 0.022395 0.101276
0 0.431257 0.466096 0.025687 0.084891
0 0.236369 0.4503770000000001 0.031562 0.058906
0 0.45391700000000007 0.531972 0.026897 0.078397
0 0.5100390000000001 0.536553 0.026175 0.10472
0 0.43152100000000004 0.54476 0.030052 0.098275
0 0.24482226496907802 0.5209327726305216 0.03011418269710781 0.10626149315343078
0 0.26832045298273033 0.4909199844879495 0.03330811116498289 0.07868217431971601
0 0.4829676118922517 0.6456805232834425 0.037870866119090255 0.10220571097200234
0 0.43747437627812374 0.5028515081505073 0.02606504191138505 0.09839642707836987
0 0.4098003811623322 0.612975416363218 0.05245187446365151 0.07036488680604372
0 0.3766559451515586 0.5949551404738653 0.030570110883723273 0.09839642707836994
0 0.40416904494690953 0.5623470221978938 0.03604055177870528 0.07322524805832188
