0 0.897602 0.5690310000000001 0.055182 0.15492
0 0.8177869999999998 0.514313 0.03872 0.177187
0 0.265921 0.34125600000000006 0.04172499999999999 0.165372
0 0.8483580000000001 0.6776429999999999 0.045362 0.19683299999999998
0 0.6387569999999999 0.403972 0.036396 0.17719
0 0.660714 0.647672 0.042237 0.17353199999999996
0 0.610381 0.39355599999999996 0.039809 0.178219
0 0.612654 0.585476 0.04231 0.185779
0 0.579146 0.562962 0.041334 0.173074
0 0.772938 0.53718 0.03525 0.178097
0 0.7167239999999999 0.576296 0.043303 0.171678
0 0.725404 0.4482 0.037864 0.09048
0 0.9115779205402434 0.4946045839422548 0.03921648712441083 0.17889953036209227
0 0.7376934964980444 0.6498262352858348 0.06437423358158 0.16048340223658272
0 0.7484225354283077 0.5274905270235218 0.026637613895826463 0.17889953036209214
0 0.7080961477249041 0.36503396820206313 0.04217622200172471 0.16179883995983332
0 0.48056652903138847 0.6386450146382041 0.04735575803702446 0.15916796451333212
0 0.48204639647004544 0.5866852245698023 0.04143628828239642 0.16048340223658264
