0 0.691007 0.6685029999999998 0.040821 0.091739
0 0.6325509999999999 0.605618 0.03475 0.09327999999999999
0 0.666606 0.842264 0.046932 0.093175
0 0.638606 0.223532 0.040610999999999994 0.074849
0 0.38628400000000007 0.80576 0.028546000000000002 0.093223
0 0.450492 0.66753 0.027754000000000004 0.093475
0 0.475853 0.533877 0.017577 0.096019
0 0.308599 0.349297 0.022077 0.081425
0 0.7243960000000002 0.37985 0.027031 0.088658
0 0.531391 0.408552 0.014966 0.094455
0 0.583831 0.325967 0.029863 0.066142
0 0.640225 0.2965900000000001 0.040513 0.059981
0 0.58075 0.42824000000000007 0.026362 0.077767
0 0.632206 0.3279210000000001 0.029922 0.053155
0 0.583097 0.374055 0.028963000000000003 0.050773
0 0.5720069999999999 0.306633 0.028046 0.07079
0 0.7224053602035141 0.33281633813547645 0.024740405032292898 0.09569261766244182
0 0.6431691981406306 0.40176257197922327 0.037444937346172796 0.08023915145608478
0 0.6329721393097532 0.38006828288183747 0.02774937321189597 0.05824768031626888
0 0.62043477189474 0.35094444272370295 0.027415043414162312 0.061813864825428194
0 0.5725397786189381 0.26627511001722937 0.029755351998297996 0.08083351554094463
0 0.5842413215396172 0.22080625752544805 0.022400096448157002 0.0754842387772057
