0 0.580708 0.43829799999999997 0.024953 0.059416
0 0.5428550000000001 0.684779 0.033961 0.065465
0 0.772204 0.7404130000000001 0.023535 0.08610800000000002
0 0.481936 0.3508609999999999 0.027221 0.060616
0 0.254021 0.432123 0.017695 0.069432
0 0.316095 0.438191 0.018309 0.056127
0 0.488057 0.633163 0.021967 0.066795
0 0.5355229999999999 0.35729500000000003 0.019918 0.06331
0 0.546472 0.48400400000000005 0.020873 0.085011
0 0.5225690000000001 0.49389099999999997 0.017448 0.057779
0 0.608831 0.653345 0.025519 0.063044
0 0.566829 0.567857 0.019523 0.064404
0 0.500515 0.49310599999999993 0.019761 0.06078200000000001
0 0.297496 0.550766 0.018646 0.083598
0 0.613899 0.551553 0.017595 0.055261
0 0.59553 0.631242 0.018215 0.066151
0 0.569494 0.507156 0.015767 0.051576
0 0.0774654559188268 0.34363266278785415 0.02252641459034894 0.05256163404414753
0 0.5795570968641326 0.40933483559929157 0.01803169268264959 0.06082485508905144
0 0.6237116263819026 0.6333182546772171 0.01941874596593017 0.061646812590254785
