0 0.48044200000000004 0.44693 0.031727 0.09348
0 0.753593 0.4037609999999999 0.027633 0.089279
0 0.585429 0.6679980000000001 0.026825 0.08364
0 0.16396800000000003 0.534547 0.034392 0.088104
0 0.3940389999999999 0.3406139999999999 0.031869 0.08161999999999998
0 0.51168 0.550507 0.038023 0.073684
0 0.46609 0.631997 0.025533999999999998 0.076092
0 0.516808 0.847056 0.022457 0.08924700000000002
0 0.4467840000000001 0.16670400000000002 0.032866 0.067839
0 0.24832900000000002 0.49707900000000005 0.034883 0.082166
0 0.31647699999999995 0.557012 0.038212 0.099329
0 0.3769390000000001 0.33523 0.023604 0.074532
0 0.284581 0.549471 0.032552 0.079884
0 0.3587119999999999 0.167745 0.028672 0.063856
0 0.27025 0.482744 0.025714 0.075802
0 0.21494100000000002 0.4900729999999999 0.022103 0.099284
0 0.026753 0.04737100000000001 0.019113 0.090118
0 0.46781883194278906 0.8592239438484967 0.044100119189511344 0.08687591047543364
0 0.2714525757319572 0.6514718447882821 0.028064615672822733 0.10093225764325496
0 0.2662912671024726 0.6184968174332414 0.022903307043337973 0.0969179064869892
0 0.22677499790798092 0.4579227711826085 0.03032268819822221 0.0888892041744576
0 0.2569363952115317 0.42408752572265374 0.03193559714493617 0.07512571449583184
