0 0.563746 0.563042 0.048156 0.10391
0 0.371132 0.44312899999999994 0.044958 0.101296
0 0.481643 0.427066 0.040293 0.095839
0 0.795105 0.442543 0.036237 0.113586
0 0.608955 0.20623899999999998 0.025534999999999995 0.092856
0 0.6568570000000001 0.204133 0.031227 0.089033
0 0.47283899999999995 0.8452669999999999 0.038239 0.121369
0 0.696997 0.39990699999999996 0.032774 0.082242
0 0.672266 0.518327 0.031509 0.101263
0 0.4593880000000001 0.270176 0.026983 0.096235
0 0.7458089999999999 0.330602 0.0253 0.106624
0 0.76566 0.44962900000000006 0.032021 0.101081
0 0.6584339999999999 0.305663 0.026975 0.073349
0 0.4225268176400477 0.861342868494239 0.032181168057210954 0.10382730764137194
0 0.6198887122686884 0.4929169849106262 0.039704998482845186 0.09755235582302013
0 0.6638318847468934 0.45762365292587504 0.026767414707536262 0.09675924723909311
0 0.6479944977116011 0.44929601279464165 0.02364454965832344 0.10706965883014398
0 0.6154274764840991 0.4405718183714447 0.039704998482845186 0.09120748715160432
0 0.602043769130331 0.4223303209411239 0.03256702122750219 0.0896212699837502
0 0.6368414082501278 0.4140026808098905 0.02721353828599483 0.09041437856767721
0 0.6243499480532777 0.3842611089126282 0.029890279756748656 0.0880350528158963
0 0.6551324749669442 0.38664043466440917 0.03167477407058421 0.10231100732658213
