0 0.5107069999999999 0.6521939999999999 0.025225 0.072086
0 0.4184379999999999 0.541966 0.021239999999999995 0.057357
0 0.3282550000000001 0.540985 0.015168999999999998 0.054314999999999995
0 0.7175510000000002 0.532195 0.022168 0.063528
0 0.378162 0.530931 0.021799 0.06775
0 0.591234 0.622293 0.023321 0.060548000000000005
0 0.6164229999999999 0.5785819999999999 0.014018 0.055303
0 0.568074 0.401309 0.015908 0.049817
0 0.2981440000000001 0.542892 0.020508 0.053593
0 0.638036 0.5810009999999999 0.017645 0.062734
0 0.815893 0.480955 0.023052000000000003 0.057084
0 0.28293 0.515059 0.020374 0.054641
0 0.632807 0.5208169999999999 0.016016 0.050683
0 0.6354479999999999 0.420693 0.014952 0.056524
0 0.43788399999999994 0.614195 0.016696 0.067872
0 0.651632671799883 0.5126365487478474 0.022616318327111033 0.050258485171357566
0 0.3541457984309879 0.6359942229411983 0.02630260571901239 0.06624359958862377
0 0.4386898882420991 0.7350812878720809 0.026928858236131673 0.06958361301326021
0 0.0875309521374622 0.580547169732228 0.025935096929618442 0.060736893664234584
0 0.09376535043785125 0.5479620479488613 0.024937593201556182 0.05231352884948677
