0 0.3976259999999999 0.49702299999999994 0.036626 0.09431799999999999
0 0.49109400000000003 0.4529599999999999 0.041070999999999996 0.066646
0 0.026318 0.488453 0.030449 0.119594
0 0.303303 0.176112 0.021548 0.089985
0 0.08458199999999999 0.20898799999999998 0.032865 0.09374299999999999
0 0.24784099999999998 0.383307 0.025785 0.073732
0 0.334854 0.177968 0.029111 0.046543
0 0.218848 0.2309 0.026063 0.088394
0 0.124858 0.221004 0.022424 0.08990999999999999
0 0.467767 0.5149170000000001 0.034674 0.05515099999999999
0 0.31038579147609313 0.3763195831594235 0.0486230491716876 0.09414363756014325
