0 0.555347 0.8438079999999999 0.03227 0.127875
0 0.46372 0.34844499999999995 0.023105 0.114677
0 0.479795 0.459456 0.028223 0.109049
0 0.3432180000000001 0.279138 0.025905 0.098663
0 0.35259300000000005 0.42449999999999993 0.022022 0.125055
0 0.540072 0.456339 0.032995 0.11116299999999998
0 0.47512 0.21365499999999998 0.023044 0.105992
0 0.47589 0.590457 0.025018 0.10937800000000002
0 0.7528979999999998 0.42873199999999995 0.028002 0.096113
0 0.607518 0.37758 0.035399 0.068839
0 0.746605 0.35477999999999993 0.015576 0.08465099999999999
0 0.5494983587687172 0.2491278569758432 0.01844215716028309 0.10112882424042571
0 0.5575505682330661 0.27198574190689834 0.023117633623453527 0.09881994697466258
0 0.5450826309979452 0.319548613581619 0.02052014669946999 0.10159059969357834
0 0.5436540131897541 0.3821191874838002 0.032208837857395804 0.09374041698998369
0 0.6535277100742579 0.27614172098527195 0.035845319550972615 0.0507952998467892
0 0.6366440450683648 0.30015404454920863 0.03376733001178607 0.06003080890984172
0 0.6430078880321246 0.3213957153942296 0.038702555167354616 0.05818370709723112
0 0.6371635424531615 0.3470242530442005 0.033767330011786 0.06788099161343646
0 0.6300204534122068 0.40543884786800805 0.03142959178020078 0.07111341978550477
0 0.630150327758406 0.43637780322923403 0.02961135093341234 0.100667048787273
0 0.6519692179198677 0.4774758185598181 0.03220883785739588 0.09420219244313628
