0 0.319008 0.632686 0.043079 0.087336
0 0.25625 0.8356219999999999 0.042951 0.09939
0 0.4032879999999999 0.641661 0.019643 0.107515
0 0.461761 0.182609 0.034246 0.080097
0 0.330011 0.845993 0.025779 0.105205
0 0.48705200000000004 0.302748 0.03918 0.07007
0 0.7660390000000001 0.51042 0.020284 0.09798299999999999
0 0.507674 0.188536 0.015425 0.089411
0 0.5955659999999999 0.280328 0.019605 0.08754299999999998
0 0.47927600000000004 0.48208100000000004 0.019886 0.105807
0 0.458701 0.42580299999999993 0.032598 0.066725
0 0.4241725257448905 0.5176439955648791 0.04088928457205952 0.06504026551812964
0 0.4745309077967953 0.36384289710436063 0.03314184117945871 0.07728313902742472
0 0.48055669710215143 0.34471340724608723 0.04519341979017092 0.060449187952144004
0 0.363484219169518 0.5226176629280301 0.03572432231032565 0.09794298807435993
0 0.36541123449491036 0.4697987005855392 0.037943225489496794 0.0764802416752299
0 0.37917233388018556 0.4415342634446934 0.028056610397163197 0.059854102180614745
0 0.41203864891686254 0.4213453797726606 0.028591022023775777 0.06317933007953776
0 0.3990791669715062 0.38429284032751815 0.026720581330631602 0.0660295254214718
0 0.40121681347795674 0.35222814273076025 0.03580557898304633 0.0579539719526587
0 0.30782838172739935 0.3859554542769797 0.017368377864910443 0.08930612071393305
0 0.3114356602070346 0.34581520321140874 0.024048523197568415 0.07172991610533988
