0 0.134792 0.509947 0.015728 0.059600999999999994
0 0.168951 0.516625 0.015437 0.06702
0 0.100524 0.50329 0.014070000000000001 0.062312000000000006
0 0.077248 0.49268300000000004 0.02082 0.059201
0 0.6482799999999999 0.539989 0.016439 0.075473
0 0.212382 0.438731 0.014373 0.058015
0 0.804284 0.482335 0.016986 0.059637
0 0.517166 0.34696899999999997 0.016264 0.051417000000000004
0 0.7839060000000001 0.34064700000000003 0.013453 0.05856999999999999
0 0.163098 0.355492 0.013204 0.045522
0 0.7770679999999999 0.47159899999999993 0.017945 0.051552
0 0.186468 0.354654 0.016503 0.063463
0 0.23037600000000003 0.43820599999999993 0.012882 0.061428
0 0.17890821876891408 0.41425668249280745 0.015939503867996904 0.06108175309415095
0 0.26870075722529646 0.4214983336328358 0.01416844788266392 0.060452044299365966
0 0.27436813637836205 0.3670285228839279 0.01416844788266392 0.052265829967160116
0 0.5634291727001548 0.3086750577515483 0.019346669962842428 0.051355544010954796
0 0.6113983132929559 0.33906434755619586 0.019346669962842497 0.04240366019253148
0 0.589974388228933 0.5263858045621441 0.017677135227833176 0.05892378409277733
0 0.6426870415803648 0.3004633772459919 0.012491458364142859 0.05631070119708823
0 0.6551784999445077 0.2984806060770804 0.01695269349419391 0.05234515885926513
