0 0.7510439999999999 0.684627 0.037593 0.083425
0 0.7717750000000001 0.778207 0.036134 0.081929
0 0.728237 0.60538 0.036083 0.060155
0 0.339756 0.36586700000000005 0.02872 0.057476
0 0.3590340000000001 0.823992 0.029117999999999998 0.08698299999999999
0 0.348579 0.65015 0.028888000000000004 0.077732
0 0.109173 0.624664 0.020857 0.08569
0 0.345899 0.525051 0.030222 0.071546
0 0.33311100000000005 0.205986 0.02352 0.056867
0 0.134646 0.313555 0.027469 0.065933
0 0.908572 0.505416 0.018452 0.090447
0 0.7106459999999999 0.528125 0.033824 0.058476
0 0.332949 0.271396 0.019656 0.055437
0 0.7891061966075354 0.8593779085603306 0.03771463439668366 0.07091640655786677
0 0.6850437516743664 0.36440920363022344 0.029517145494048123 0.06559365665344025
0 0.6704901591043843 0.3225021452127477 0.02664742301545999 0.057576654173575256
0 0.6561415467114443 0.26419667263191193 0.030747026556300197 0.05611901735905438
0 0.6454825775052602 0.2142726117345714 0.02664742301545992 0.061220746209877566
0 0.6399481127251261 0.1840266478332628 0.02705738336954411 0.06340720143165886
