0 0.254499 0.38948 0.014111 0.066294
0 0.22046600000000002 0.36164999999999997 0.018375 0.05749
0 0.28086 0.318493 0.014237999999999999 0.06120699999999999
0 0.173629 0.386781 0.016073 0.066295
0 0.18744100000000002 0.48017 0.017503 0.038256
0 0.129321 0.305351 0.0164 0.065195
0 0.13282626726324723 0.48429121054346497 0.01962949762511041 0.06436536505221391
0 0.1461307045424887 0.5599011273216681 0.024427819266804072 0.06669182403000484
0 0.17535684545098648 0.6211645470701609 0.020065708683446246 0.05893696077070182
0 0.2024019310678053 0.5905328371959145 0.02093813080011781 0.05505952914105052
0 0.19956655918862265 0.46839374086189417 0.021374341858453577 0.060487933422562465
0 0.313635750943431 0.5215145541881189 0.019193286566774645 0.0581614744447716
0 0.3212694444643073 0.43039491089131005 0.017884653391767244 0.060487933422562534
0 0.5138566267195573 0.5160861499066068 0.019193286566774503 0.0519575838373293
0 0.6763452459496381 0.5160861499066068 0.017012231275095643 0.0581614744447716
0 0.7397399273882264 0.547484376571462 0.01618735719892655 0.04463452687958025
0 0.8636858801204974 0.3286368040341152 0.01884172602001584 0.05537160299759755
0 0.9215568957534033 0.2801012014065914 0.02537865137389872 0.05263720284956801
0 0.9627010729807847 0.3139394032384566 0.017688150957565797 0.05332080288657547
0 0.6510008602425884 0.17363440939987396 0.012304800666132678 0.05058640273854595
0 0.6648437609919878 0.1688492091408223 0.013842900749399548 0.04648480251650169
