0 0.372701 0.37849199999999994 0.036896 0.090923
0 0.344061 0.6019640000000002 0.028434 0.109492
0 0.571136 0.6254250000000001 0.020864000000000004 0.120537
0 0.299389 0.173733 0.017955 0.10455
0 0.44779299999999994 0.412633 0.031946 0.101028
0 0.540789 0.557785 0.031177 0.100573
0 0.613759 0.556209 0.023326 0.108385
0 0.22149700000000003 0.18988 0.037028 0.093391
0 0.301234 0.30780799999999997 0.03488 0.092698
0 0.5070619999999999 0.344457 0.018997 0.096411
0 0.7074770000000001 0.820439 0.024584 0.12477599999999998
0 0.386417 0.273504 0.018818 0.09716
0 0.7367570000000001 0.401272 0.026467 0.099573
0 0.33757800000000004 0.5469309999999998 0.02117 0.09929199999999999
0 0.486419 0.47002599999999994 0.030583 0.067216
0 0.502185 0.49299 0.022374 0.095846
0 0.6168057210965435 0.8560455568798833 0.048867699642431435 0.11865978016156803
0 0.4143910602685354 0.4861591926137383 0.04553747915038848 0.07243388496436061
0 0.4723914284495565 0.6050359802905421 0.03786800897769162 0.10055527559758304
0 0.4616062360192014 0.5756363446285367 0.03451261577713652 0.07925119178453578
0 0.45920952659023356 0.5287673602398328 0.029719196919200854 0.07072955825931686
0 0.43476309041476185 0.519819645038353 0.03451261577713659 0.07158172161183884
