0 0.627144 0.5552139999999999 0.027287 0.059649
0 0.28686999999999996 0.452438 0.024888 0.060801
0 0.062883 0.496326 0.021942 0.074781
0 0.048644999999999994 0.45329099999999994 0.026269 0.072049
0 0.139347 0.467171 0.023156 0.076842
0 0.079209 0.470579 0.021259 0.079991
0 0.23710599999999998 0.4101000000000001 0.017957 0.063124
0 0.7517970000000002 0.362091 0.017281 0.049417
0 0.517109 0.467846 0.017695 0.048016
0 0.4126369999999999 0.4323350000000001 0.018035 0.061158000000000004
0 0.21307700000000002 0.42627699999999996 0.016503 0.064849
0 0.728355 0.089651 0.04277100000000001 0.059477
0 0.5900585478163973 0.776981079293179 0.022353622320934647 0.061665165023268145
0 0.5944907315524448 0.7982213028011935 0.025822287853493508 0.06577617602481936
0 0.3664639170953141 0.5413331683594127 0.025035963593189693 0.0667625695818392
0 0.12205032251679976 0.432009460669151 0.016273376335573318 0.0639807958492625
0 0.1287787377324695 0.4217168978586175 0.016586325880488157 0.06898798856790052
0 0.0662451915092981 0.40155128188048583 0.015201126196215595 0.06019031786784367
