0 0.6599310000000002 0.44980500000000007 0.03568 0.181291
0 0.605942 0.32022599999999996 0.037649 0.160092
0 0.594939 0.611689 0.041131 0.175034
0 0.6434280000000001 0.577444 0.038052 0.177153
0 0.336909 0.33998199999999995 0.041743 0.170095
0 0.495126 0.32456 0.03925 0.156028
0 0.474414 0.587638 0.038342 0.16712800000000003
0 0.567952 0.554219 0.037925 0.178211
0 0.7449019999999998 0.54537 0.031933 0.192774
0 0.7287899999999999 0.516696 0.025988999999999998 0.167657
0 0.529544 0.546035 0.04688 0.188865
0 0.5091109999999999 0.514876 0.032926 0.16475
0 0.480137 0.52793 0.03379 0.17390699999999998
0 0.5336781665738266 0.4701068934784459 0.03726131343195625 0.18804275739137843
0 0.41468235916209506 0.5347465913317322 0.03245340202138138 0.17629008505441718
0 0.44923922242560294 0.48185956581540706 0.043872191621496984 0.16453741271745606
0 0.42159373181479665 0.4615594954152014 0.03786230235827823 0.16881111174907823
0 0.4038645584883012 0.42202777937269575 0.03605933557931259 0.1859059078755672
0 0.4339140048043951 0.4343146640886097 0.03846329128460013 0.17201638602279495
0 0.4708748237731906 0.4124119565515457 0.0402662580635657 0.1730848107807006
0 0.4390224106781311 0.3824960633301901 0.03065043524241581 0.18590590787556724
