0 0.7598199999999999 0.74882 0.042695 0.11345
0 0.611756 0.772305 0.027244 0.124199
0 0.7301310000000001 0.629672 0.04294 0.08816399999999999
0 0.7352229999999998 0.256485 0.03939 0.097587
0 0.651998 0.3620650000000001 0.028367 0.107996
0 0.525411 0.634277 0.03167 0.111485
0 0.530507 0.22008000000000003 0.01823 0.102263
0 0.6596919999999998 0.608044 0.029134000000000004 0.120105
0 0.5742909999999999 0.352292 0.025303 0.100941
0 0.133003 0.504193 0.026105 0.105728
0 0.646118 0.460737 0.03408 0.092772
0 0.4830459999999999 0.326429 0.022877 0.10123999999999998
0 0.5456170000000001 0.464003 0.022201 0.10644
0 0.7117659999999999 0.50945 0.035818 0.08114
0 0.7136119999999999 0.4086969999999999 0.034047 0.076627
0 0.731201048847645 0.5799029171792115 0.043208717826203155 0.09304412477129141
0 0.7220724464899965 0.5528552064898826 0.03590583594008436 0.07356977307497474
0 0.7248110271972911 0.4803673418424812 0.03773155641161395 0.06058687194409671
0 0.7366782102622341 0.4349271878844087 0.043208717826203016 0.08438885735070606
0 0.8459171518087613 0.4376319589533415 0.03042867452549501 0.09628985005401085
0 0.8447000048277415 0.4987597851112248 0.018257204715297064 0.11900992703304702
0 0.6485884642410972 0.5606288020589986 0.04025129370567541 0.08673679451728042
