0 0.315881 0.584337 0.028871 0.117917
0 0.427998 0.23536 0.026912 0.103682
0 0.464955 0.17028799999999997 0.021933 0.09546399999999998
0 0.458858 0.346915 0.031895 0.083862
0 0.63445 0.255865 0.034548 0.075199
0 0.540362 0.23827599999999996 0.031652 0.079852
0 0.45353499999999997 0.437117 0.02871 0.103991
0 0.565324 0.374298 0.034469 0.083078
0 0.7318079999999999 0.36662500000000003 0.032909 0.107698
0 0.554815 0.303993 0.038319 0.075358
0 0.5178784266984505 0.8645212554628526 0.027413587604290798 0.1271354787445371
0 0.635280095351609 0.8804131903059197 0.0548271752085818 0.10806515693285661
0 0.7337323766448575 0.3216361103100745 0.025647707072139668 0.09119184736760737
0 0.5413745736038108 0.436858241781308 0.04436360142207924 0.0751716579651898
0 0.5438007080565808 0.4997066771292536 0.05337495796093918 0.07270701344174108
0 0.652076634389376 0.6296666243223479 0.052472218693528916 0.10494443738705797
0 0.6310330883508254 0.4615611829523384 0.042087092077101505 0.09911419086555469
0 0.6214678401514842 0.4222070189321916 0.031701965460673664 0.07870832804029355
0 0.5968714876388924 0.38431041654242065 0.02951562301511011 0.08648199006896441
0 0.6206479617343977 0.35418747618132074 0.03771440718597397 0.07093466601162249
0 0.622014425762875 0.3090030656396707 0.038260992797364966 0.07773662028670962
0 0.6116292991464474 0.27985183303215466 0.03388830790623743 0.06024588072219998
