0 0.28803999999999996 0.576294 0.041718000000000005 0.08736
0 0.282614 0.708587 0.038084 0.093022
0 0.277762 0.8448699999999999 0.043602 0.09152299999999998
0 0.472596 0.6635140000000002 0.017713 0.10100000000000002
0 0.37325699999999995 0.525569 0.040976 0.066986
0 0.47751699999999997 0.3813250000000001 0.019271 0.092205
0 0.343096 0.15171 0.033342 0.080961
0 0.346544 0.844492 0.021473 0.107264
0 0.30558799999999997 0.489613 0.037645 0.068776
0 0.216405 0.4563999999999999 0.022916 0.078895
0 0.72997 0.476305 0.020744 0.09361899999999998
0 0.39183400000000007 0.156607 0.015596999999999998 0.087005
0 0.233529 0.40784499999999996 0.020179 0.091034
0 0.376947 0.4406010000000001 0.038259 0.05742
0 0.334896 0.42644799999999994 0.030352 0.056612
0 0.31714299999999995 0.3973610000000001 0.024293999999999996 0.049103
0 0.38825599999999993 0.337396 0.030208 0.05417199999999999
0 0.317283 0.359705 0.02955 0.047179
0 0.45750829653403213 0.43176392812790043 0.016803632828667717 0.0904728929441918
0 0.46831063192388994 0.4834017585347269 0.020164359394401216 0.09217992866011997
0 0.3145581503846318 0.4583606805288666 0.026433458015515256 0.06362104083050511
0 0.3859284870265231 0.3907633246464549 0.03497349829745104 0.058560276218987684
