0 0.610015 0.663222 0.031392 0.126488
0 0.3513780000000001 0.844611 0.046742 0.112149
0 0.34122 0.684443 0.054611 0.106894
0 0.445422 0.189586 0.026631000000000002 0.102089
0 0.45189299999999993 0.836224 0.029283999999999998 0.129362
0 0.44179 0.615776 0.036128 0.128287
0 0.381686 0.18561600000000003 0.035614 0.102332
0 0.24400800000000003 0.5530329999999999 0.03167 0.10614499999999999
0 0.512069 0.281037 0.025425 0.108244
0 0.322875 0.48938200000000004 0.028383 0.12163300000000002
0 0.681119 0.550499 0.026945 0.120881
0 0.538146 0.539978 0.02275 0.112549
0 0.366862 0.41536700000000004 0.042288 0.074004
0 0.375775 0.457461 0.03298 0.057464
0 0.399345 0.503459 0.038651 0.082984
0 0.250404 0.46464200000000005 0.017012 0.102314
0 0.529936 0.44978 0.026601 0.080702
0 0.36703199999999997 0.517931 0.040572 0.060698
0 0.3640519964016745 0.5597753105959687 0.04051976696745321 0.09261661021132184
0 0.44823999999999997 0.554597 0.053142 0.068142
0 0.45059012205978616 0.477859826982215 0.047176467612785086 0.07255667577036079
0 0.45179696192895036 0.3998418960463432 0.03905772667477088 0.07099631715164335
