0 0.28604099999999993 0.3273110000000001 0.041935 0.10138
0 0.17846400000000004 0.178901 0.03831 0.097921
0 0.6133459999999998 0.6796979999999999 0.030054000000000004 0.111914
0 0.6943350000000001 0.807926 0.025385 0.11585099999999998
0 0.528133 0.716262 0.046635 0.11645699999999999
0 0.399003 0.515158 0.038139 0.078766
0 0.254321 0.166554 0.020382 0.106088
0 0.3630709999999999 0.418136 0.024275 0.098811
0 0.39281999999999995 0.295263 0.024677 0.088177
0 0.3378129999999999 0.54199 0.023479 0.108157
0 0.8887319999999999 0.3330560000000001 0.018361 0.08956
0 0.870066 0.19295499999999996 0.040575 0.072465
0 0.9484540000000001 0.253853 0.036587 0.082271
0 0.9373170000000001 0.247401 0.031989 0.081706
0 0.36471723576181064 0.47138685319898316 0.04745966858569531 0.08987531442315244
0 0.4490613206939974 0.6075754674014132 0.03662648336504745 0.1146368806417761
0 0.4356488056589096 0.5768527833894171 0.03249955566194352 0.08620693424261575
0 0.4359067386403536 0.5383347914937804 0.030951957773279446 0.060528272978857774
0 0.542433059976724 0.6451763642519157 0.04488033877125524 0.07245050856560269
0 0.5287626119601923 0.5635549052349711 0.04230100895681531 0.10730012028070249
0 0.49548925735391663 0.5452130043322869 0.03456301951349538 0.07245050856560248
0 0.46969595920951707 0.5177001529782607 0.03249955566194352 0.06511374820452887
0 0.4567993101373172 0.45625478495426874 0.03456301951349559 0.09812916982936037
0 0.4240418214939297 0.4314932187356451 0.03301542162483159 0.06694793829479721
0 0.41295070329183786 0.38197008629839785 0.0221822364041838 0.09079240946828662
0 0.5589988081048868 0.8613428684942391 0.04052443384982119 0.11230300622434114
