0 0.42018900000000003 0.632407 0.019979 0.075001
0 0.318223 0.313111 0.018879 0.051928999999999996
0 0.41466200000000003 0.462182 0.017348 0.05997500000000001
0 0.150148 0.560824 0.015762 0.074492
0 0.260693 0.544522 0.029038999999999995 0.067378
0 0.733895 0.47896700000000003 0.024753000000000004 0.05540199999999999
0 0.170249 0.602777 0.033593 0.066566
0 0.291294 0.30668400000000007 0.013814 0.05294000000000001
0 0.111712 0.524267 0.020313000000000005 0.072094
0 0.537323 0.233223 0.01448 0.04855400000000001
0 0.23410400000000003 0.549129 0.017766 0.064964
0 0.5212107395135048 0.22845433161375836 0.014340874026153045 0.056918817840235364
0 0.4532501719784314 0.6451359022664542 0.015789358106331263 0.06830359358590726
0 0.45509226375750345 0.5997561174867763 0.016315670043208996 0.07672458457595041
0 0.6490382124969394 0.740105967320832 0.026315596843885486 0.07672458457595041
0 0.6437750931281623 0.7195213226785038 0.026315596843885486 0.06175393392698453
0 0.09498174945200326 0.510979762644462 0.020176210228127208 0.07771577273056408
0 0.1904824778651387 0.6138037081033622 0.026229073296565382 0.07293326363945234
0 0.1856065603933413 0.5800272376473863 0.02253010142140873 0.06277043182084029
0 0.21671155116170407 0.5549190649190501 0.02017621022812719 0.07950921363973087
