0 0.236186 0.733772 0.03909 0.09526
0 0.21915899999999996 0.453737 0.028807 0.095763
0 0.370808 0.23628299999999997 0.033095 0.08215
0 0.32737299999999997 0.5950080000000001 0.027081 0.11226600000000002
0 0.42388700000000007 0.483722 0.02037 0.095453
0 0.7338040000000001 0.55857 0.019785 0.097539
0 0.404699 0.11219000000000001 0.029728999999999995 0.078119
0 0.38004 0.4520660000000001 0.031986 0.069274
0 0.641846 0.375429 0.018351 0.09928200000000001
0 0.152656 0.660508 0.020774 0.100885
0 0.351043 0.342432 0.036739 0.081346
0 0.587697 0.13728 0.018111 0.09008199999999998
0 0.38682 0.8026799999999998 0.031845 0.113875
0 0.505222 0.38947300000000007 0.019193 0.091303
0 0.281432 0.550014 0.030315 0.079839
0 0.582753 0.24340400000000004 0.02221 0.089843
0 0.356975 0.5082520000000001 0.035382 0.068075
0 0.389498 0.388232 0.034001 0.063159
0 0.30178783039922086 0.5105314473434654 0.032260684994339144 0.06349722125869939
0 0.3232949537287803 0.4852691120039829 0.029956350351886415 0.06622828453864343
0 0.3204145354257143 0.45454465010461226 0.030340406125628546 0.05666956305883929
0 0.32444712105000667 0.41426146672543745 0.027652015709433576 0.07169041109853154
