0 0.37060100000000007 0.6803630000000002 0.032893 0.11165600000000002
0 0.674722 0.38056999999999996 0.034843 0.107627
0 0.6262620000000001 0.814204 0.036897 0.12134300000000002
0 0.485931 0.534896 0.033687 0.123368
0 0.309888 0.349714 0.041857 0.121541
0 0.553144 0.361936 0.05161099999999999 0.103817
0 0.565636 0.44923199999999996 0.045193 0.083594
0 0.676763 0.613065 0.041031 0.09192
0 0.600823 0.6414269999999999 0.046784 0.12025500000000001
0 0.183151 0.502102 0.032826 0.11286100000000002
0 0.77786 0.449889 0.04169799999999999 0.099728
0 0.50871 0.21964399999999998 0.030589999999999996 0.09776199999999999
0 0.580623 0.551146 0.052873 0.092004
0 0.5858577412978628 0.2309446225872 0.039227738136392604 0.10208055527924369
0 0.7524334988915298 0.7807646431011466 0.04832402524048348 0.10612334954772848
0 0.8024630779640305 0.5356702405742495 0.035816630472358495 0.10309125384636503
0 0.5861420002698656 0.4967583457400822 0.045481435520455235 0.07378099539984945
0 0.6708511739267135 0.5670018961550074 0.04093329196840955 0.08287728250394054
0 0.6611863688786167 0.5291006998879615 0.03979625608039825 0.0798451868025768
0 0.6373086152303777 0.4947369486058398 0.04207032785642106 0.07782378966833434
0 0.6444150895304489 0.455319704488112 0.04377588168843807 0.0677168039971221
0 0.638445651118389 0.41994525463886917 0.038659220192386885 0.08590937820530421
