0 0.34298700000000004 0.612988 0.04411099999999999 0.090785
0 0.7026459999999999 0.502784 0.024799 0.098511
0 0.328634 0.187197 0.035372 0.080378
0 0.31788299999999997 0.8350339999999999 0.036016 0.108279
0 0.43369199999999997 0.614708 0.024170000000000004 0.10118600000000001
0 0.30270299999999994 0.33297399999999994 0.028398 0.084658
0 0.37769400000000003 0.189182 0.021509 0.083179
0 0.41970199999999996 0.288146 0.021807 0.088029
0 0.463715 0.366749 0.026613 0.085649
0 0.478058 0.41717299999999996 0.016888 0.096924
0 0.392119 0.358735 0.04278499999999999 0.058835
0 0.3508029999999999 0.429965 0.030315 0.063908
0 0.407281 0.53486 0.030859 0.08050799999999998
0 0.445603 0.827858 0.019363 0.116983
0 0.399251 0.421711 0.032626 0.058644
0 0.396386 0.470734 0.034093 0.057374999999999995
0 0.3284783038958253 0.40749183944802536 0.029291058946124552 0.06943065824266562
0 0.3242938669035218 0.36409767804635945 0.028361184058945953 0.06364477005577683
0 0.3296406475047985 0.46659055449981823 0.031615746164071014 0.06199165914523725
0 0.3308029911137717 0.4967598286171669 0.0339404333820174 0.07604310188482423
0 0.22433231653182695 0.41989017127707284 0.01627281052562477 0.0909211000796811
0 0.2287492222459251 0.3926138412531685 0.02510662195382107 0.0826555455269829
