0 0.524994 0.687259 0.049484 0.1217
0 0.23504099999999997 0.4940240000000001 0.034274 0.118447
0 0.554466 0.559064 0.049259 0.118086
0 0.41187799999999997 0.6598529999999999 0.027378 0.118136
0 0.355608 0.826811 0.026692 0.129529
0 0.467272 0.536216 0.026044 0.118137
0 0.4644710000000001 0.3937419999999999 0.028442 0.11713599999999999
0 0.561183 0.39366 0.041677 0.080885
0 0.752316 0.45693199999999995 0.031044000000000002 0.11357299999999998
0 0.559217 0.21369699999999997 0.030446 0.094642
0 0.617913 0.29091599999999995 0.037492 0.076795
0 0.657711 0.36577800000000005 0.039276 0.076191
0 0.585569 0.33917 0.03935 0.065808
0 0.684358 0.297648 0.038621 0.067673
0 0.4555269865878181 0.8582016911355356 0.045941433868437756 0.13570392773446216
0 0.6746151556360561 0.32622339650496174 0.03603285697759361 0.08462037194189306
0 0.6216779953850237 0.3827687852324884 0.037812257322165976 0.06168587861184733
0 0.6310198471940295 0.4282423495937861 0.03336375646073471 0.08303868274671757
0 0.6205658701696659 0.465412045680412 0.04270560826974048 0.10201895308882428
0 0.5062393980308816 0.509699343145328 0.05783051119860687 0.07354854757566401
0 0.4693168408810018 0.33729522087119074 0.031139506030019106 0.092528817917771
0 0.7423403979007268 0.39339305490040954 0.025345183840208847 0.11103604349043912
