0 0.703845 0.50938 0.030566 0.075145
0 0.7184930000000002 0.583109 0.031175 0.071576
0 0.733425 0.662911 0.038284 0.0712
0 0.7627839999999999 0.760634 0.034596 0.080023
0 0.253264 0.6346799999999999 0.034257 0.07441
0 0.7737560000000001 0.8277910000000002 0.034636 0.075694
0 0.115853 0.647314 0.027964 0.074858
0 0.663301 0.33744 0.036019 0.09335399999999999
0 0.372325 0.7981400000000001 0.029902 0.077324
0 0.350439 0.388496 0.035386 0.060989
0 0.26313600000000004 0.30058 0.029314 0.061905
0 0.8802169999999999 0.4686620000000001 0.024771 0.083156
0 0.329814 0.19500300000000004 0.023817999999999995 0.057058
0 0.651647 0.259463 0.033068 0.050515
0 0.133711 0.297935 0.026427999999999997 0.0558
0 0.34883700000000006 0.503789 0.021423 0.070405
0 0.6313613992926205 0.19609726148571824 0.027897364154790195 0.05807872303570363
0 0.6245705935444148 0.1517225068067537 0.024593728925933575 0.06460442225319835
