0 0.264794 0.612744 0.050353 0.111058
0 0.218121 0.39049600000000007 0.032478 0.102629
0 0.16676000000000002 0.833974 0.039709 0.114447
0 0.4850189999999999 0.273528 0.036625 0.087264
0 0.741411 0.32646099999999995 0.027007 0.106551
0 0.25117 0.327063 0.019834 0.11958600000000001
0 0.41455900000000007 0.41970100000000005 0.047086 0.078862
0 0.660143 0.23220300000000002 0.02826 0.110095
0 0.276366 0.836914 0.020381 0.127337
0 0.267265 0.536346 0.037593 0.100342
0 0.615402 0.578344 0.02093 0.117168
0 0.44319500000000006 0.330571 0.04498 0.067578
0 0.478418 0.406978 0.023876999999999995 0.114372
0 0.4278159999999999 0.662378 0.019754 0.11846
0 0.324093 0.421069 0.043669 0.082509
0 0.5030170000000002 0.23081899999999997 0.039719 0.106048
0 0.35087360353406793 0.3917806691099324 0.0357151806283153 0.06381999999999999
0 0.405471 0.280901 0.034052 0.071472
0 0.38552 0.30843599999999993 0.027557 0.062339000000000006
0 0.3865794708751433 0.45857372041668903 0.04333339201550281 0.11271750157014992
0 0.37905314489350334 0.3730219476422228 0.03557899554957075 0.07136072041851214
0 0.3785970039249191 0.34017979790415753 0.03375443167523372 0.06730613403109671
