0 0.276138 0.457016 0.024204 0.10898
0 0.449495 0.396393 0.03414 0.09303
0 0.325737 0.285038 0.025307 0.092676
0 0.7163909999999999 0.3793540000000001 0.033446 0.08688000000000001
0 0.54156 0.247218 0.026903999999999997 0.089895
0 0.790946 0.400409 0.03048 0.098282
0 0.404322 0.197455 0.022717 0.093933
0 0.6417439999999999 0.251144 0.043245 0.08493
0 0.548634 0.32750799999999997 0.041486 0.068548
0 0.6107640000000001 0.279847 0.027313 0.08372600000000001
0 0.7139270000000001 0.44567600000000007 0.033086 0.076537
0 0.550942 0.38799300000000003 0.04257400000000001 0.076179
0 0.598537 0.397558 0.033625 0.083245
0 0.5381406436233612 0.8549860945570121 0.03933253873659112 0.09535160905840286
0 0.6376638855780691 0.8528671699112698 0.04529201430274142 0.10806515693285647
0 0.62927581401751 0.45661737071565356 0.03161197181877576 0.09307969479972933
0 0.6248303804804947 0.42105390241953045 0.03259984593811275 0.06937071593564738
0 0.5403671432772025 0.5128164317268109 0.03457559417678624 0.09483591545632798
0 0.5529625382987461 0.49657139065327316 0.04099677595247513 0.07463937790544328
0 0.5591367515446009 0.44608004677606145 0.05630882480219476 0.06849260560734799
0 0.6231016007716553 0.36705011722912145 0.034081657117117956 0.06849260560734806
0 0.6223606951821528 0.3345600350820461 0.03358772005744953 0.06322394363755209
