0 0.7502239999999999 0.851071155304685 0.05655299999999994 0.0887726893906316
0 0.128196 0.363326 0.031396 0.075267
0 0.197123 0.49792699999999995 0.0386 0.076716
0 0.5805900000000002 0.2925130000000001 0.022992 0.066649
0 0.155491 0.39090300000000006 0.026524000000000002 0.07799
0 0.5510340000000002 0.3423841044519844 0.016984999999999986 0.0633242089039683
0 0.270844 0.39272199999999996 0.029191 0.070304
0 0.21164000000000002 0.386278 0.023789 0.055283
0 0.161457 0.46080799999999994 0.019947 0.062619
0 0.250795 0.461547 0.02068 0.084048
0 0.235459 0.43964863776275726 0.02297500000000001 0.053558724474485044
0 0.1411 0.42307 0.022868 0.04891
0 0.18945837404274865 0.44744238608851744 0.023275 0.069303
0 0.12230316021833698 0.49968357817409953 0.01791367956332506 0.06693684365180029
0 0.18868799999999997 0.419608 0.019173 0.058025
0 0.115915 0.451635 0.022848 0.062996
0 0.743981707787104 0.8279390535489017 0.0414309352675599 0.06879098685934465
0 0.14234552123638292 0.4948687737780703 0.02409403023211876 0.06230375494366065
0 0.11460088036303402 0.45181860977186034 0.04064346513902865 0.04542982131308584
0 0.19713297462642643 0.47333547158586653 0.027744640873348877 0.08134101339866802
