0 0.778164 0.484628 0.027475 0.100196
0 0.334026 0.628695 0.04569100000000001 0.094148
0 0.46778 0.43130299999999994 0.026515 0.091188
0 0.318306 0.180213 0.035678 0.08722899999999999
0 0.369785 0.186309 0.027371 0.079429
0 0.4448160000000001 0.36972700000000003 0.028264 0.08275
0 0.22085999999999997 0.42330000000000007 0.025072 0.09285300000000002
0 0.40317099999999995 0.640079 0.025997 0.090427
0 0.314991 0.365637 0.030149 0.056484
0 0.387129 0.359812 0.04856099999999999 0.063242
0 0.290563 0.3350060000000001 0.028999 0.087003
0 0.318673 0.41157399999999994 0.029425 0.064513
0 0.34117300000000006 0.438543 0.030322 0.064231
0 0.370972 0.295323 0.022664 0.092269
0 0.39256 0.42800600000000005 0.039528 0.062438
0 0.3098927294398093 0.8592239438484967 0.04767580452920143 0.10382730764137207
0 0.41656734207389756 0.8602834061713679 0.027413587604290798 0.10170838299562973
0 0.21607046642987382 0.3934673761596938 0.0278202317291683 0.08352938711770036
0 0.3205508922571947 0.47809583416052187 0.0352389601902798 0.06814239475391347
0 0.3190053238277965 0.5061221416802766 0.033384278075001925 0.07803403270206218
0 0.38979235789423583 0.4857893303424153 0.04018477916435423 0.06374611122140295
0 0.3959746316118288 0.552832654213201 0.047603507625465794 0.07034053652016865
