0 0.641425 0.28398 0.031139999999999998 0.085317
0 0.5700729999999999 0.385019 0.029335 0.098986
0 0.619851 0.35125500000000004 0.034251 0.08370700000000002
0 0.28875000000000006 0.33997 0.02443 0.084647
0 0.622708 0.153965 0.035121 0.073574
0 0.575385 0.6120499999999999 0.03283 0.110151
0 0.28842599999999996 0.627076 0.022476 0.100928
0 0.430594 0.141861 0.019769 0.076575
0 0.6443840000000001 0.573738 0.033043 0.083697
0 0.542126 0.28026299999999993 0.018905 0.075404
0 0.564263 0.5488210000000001 0.030019 0.070301
0 0.475624 0.391273 0.019905 0.067435
0 0.7281990000000002 0.49891299999999994 0.020543 0.101445
0 0.57532 0.471617 0.03019 0.052291
0 0.5772358918537336 0.8595319502713349 0.030727385878145556 0.09624662666593721
0 0.656614972038943 0.854979744956054 0.051943914222579296 0.09234473639569671
0 0.7423459584337196 0.5257000424869495 0.017361542596337643 0.10155569002588799
0 0.6159558679684147 0.5157143363549658 0.03240148143586204 0.06696306163411514
0 0.6305365346145528 0.5452356861076402 0.0283512962563794 0.06696306163411507
0 0.6283089327658372 0.484392904300299 0.031996462917913956 0.06192283118853652
0 0.636611812383777 0.44623115949806136 0.03807174068713806 0.07344335792128753
