0 0.865959 0.110562 0.036778 0.11149199999999998
0 0.5661380000000001 0.41100500000000006 0.025421 0.107865
0 0.322933 0.256291 0.032232 0.084227
0 0.685819 0.538913 0.042235 0.09841700000000002
0 0.231588 0.321865 0.042431 0.103239
0 0.863203 0.276471 0.024035 0.11012000000000001
0 0.401287 0.350069 0.021412 0.072781
0 0.8293890000000002 0.2505569999999999 0.026006 0.10920999999999999
0 0.8274869999999999 0.413262 0.029295 0.095281
0 0.694635 0.28116 0.022378999999999996 0.094663
0 0.583576 0.13682 0.025056 0.093838
0 0.8014970000000001 0.390108 0.027004999999999998 0.111605
0 0.7550269999999999 0.426819 0.039268 0.136236
0 0.33400370076745234 0.4451670495939388 0.025425887255653878 0.08218468607888099
0 0.3463314036792846 0.4246208780742185 0.023884924391674788 0.0958821337586945
0 0.438403934802031 0.10478547475057329 0.024655405823664295 0.09177289945475046
0 0.4592069334657478 0.06026876979117941 0.026196368687643242 0.10410060236658263
0 0.6576059022030465 0.3657218530510205 0.0392945530314649 0.10136111283061994
0 0.735424526833987 0.4033898341705076 0.05470418167125515 0.04520157734338468
