0 0.8207059999999999 0.625589 0.055325 0.17528299999999997
0 0.46828700000000006 0.548518 0.066722 0.155353
0 0.6372830000000002 0.474284 0.051011 0.16312
0 0.23203800000000002 0.6744149999999999 0.045122 0.179578
0 0.915307 0.627811 0.068157 0.18426700000000001
0 0.5833990000000001 0.558737 0.069157 0.150273
0 0.603579 0.41143 0.037552 0.17009
0 0.788206 0.506449 0.026089 0.17801100000000003
0 0.7878399999999999 0.271428 0.033476 0.16611399999999998
0 0.5073147780645294 0.8526641063781607 0.08114262342248793 0.19110513398648635
0 0.9615092683765121 0.5560542930832603 0.054788608977577556 0.19233807033478634
0 0.5506484611066581 0.5757801703065181 0.04048454322467712 0.15854816283802678
0 0.5227786668577863 0.5867325105025659 0.04811206586121038 0.15750508281935546
0 0.5133909466897453 0.5528324098957511 0.04811206586121045 0.15020352268865686
0 0.6852844917082662 0.619513450762243 0.04477360007454394 0.1646845060213107
