0 0.427698 0.7002260000000001 0.066562 0.16652
0 0.314638 0.5305599999999999 0.061631 0.138166
0 0.591776 0.42861599999999994 0.056693 0.109399
0 0.484925 0.770271 0.06212199999999999 0.152268
0 0.221476 0.549208 0.036405 0.161996
0 0.5287440000000001 0.685528 0.045815 0.141741
0 0.24590899999999993 0.770341 0.036247 0.167328
0 0.649187 0.3071 0.049301 0.166083
0 0.34602200000000005 0.618887 0.046905 0.150269
0 0.36935000000000007 0.406373 0.034248 0.142681
0 0.51179 0.384109 0.050762 0.113409
0 0.570422 0.48625500000000005 0.063249 0.113223
0 0.703805 0.535604 0.025623 0.165999
0 0.3906359999999999 0.5606910000000002 0.050402 0.116272
0 0.7410290000000002 0.499742 0.046142 0.147895
0 0.32209699999999997 0.708491 0.048598 0.130231
0 0.553847 0.294017 0.029081000000000003 0.145034
0 0.447436 0.47735999999999995 0.048011 0.107971
0 0.012943 0.155613 0.025571 0.078811
0 0.084268 0.06023 0.034223 0.118448
0 0.34617800000000004 0.586559 0.046221 0.085386
0 0.5532008708494076 0.23122048577731838 0.027242616356364664 0.14998085563934166
0 0.510579358162837 0.5155591912602369 0.05272764456070604 0.10936104057035323
0 0.511018755200843 0.574926613284143 0.05009126233267075 0.1156102428886593
0 0.48729131514852514 0.6085160757450373 0.03954573342052953 0.16716616201468304
