0 0.636445 0.8418290000000002 0.043643999999999995 0.110275
0 0.298679 0.45567599999999997 0.028797000000000003 0.11182
0 0.44794799999999996 0.384342 0.033916 0.094522
0 0.540061 0.836316 0.034395 0.108678
0 0.47379599999999994 0.457985 0.034012 0.103686
0 0.5328820000000001 0.235664 0.027472 0.0947
0 0.33029900000000006 0.266879 0.024775000000000002 0.104296
0 0.607259 0.267018 0.042403 0.08262799999999998
0 0.641054 0.24002899999999996 0.04361000000000001 0.085806
0 0.403036 0.20062199999999997 0.020467 0.099225
0 0.7140269999999999 0.437307 0.034663 0.079558
0 0.721836 0.3618259999999999 0.014777 0.09523
0 0.790453 0.38789999999999997 0.030289 0.099266
0 0.624219 0.361104 0.031079 0.05615699999999999
0 0.599187 0.393427 0.036605 0.067787
0 0.628248 0.438222 0.032255 0.112055
0 0.618674 0.319235 0.041883 0.045881
0 0.5490960806576984 0.4890063208876106 0.04454930465713417 0.0718314369665417
0 0.5563482930437434 0.4342118273041589 0.04765739567972474 0.056175867371269776
0 0.549873103413346 0.3775755020036165 0.03988716812324789 0.07183143696654164
0 0.5467650123907554 0.320939176703074 0.04403128948670229 0.05985953080545134
