0 0.6088 0.583488 0.03742 0.147153
0 0.538025 0.786323 0.04307 0.1487
0 0.6874050000000002 0.662967 0.03423 0.143894
0 0.293123 0.31532199999999994 0.042964 0.127244
0 0.7251430000000001 0.7473880000000002 0.026938 0.156131
0 0.468737 0.450861 0.044747 0.086953
0 0.664954 0.4591199999999999 0.025339 0.140807
0 0.320839 0.42619599999999996 0.039908 0.109148
0 0.418151 0.239529 0.027620999999999996 0.127435
0 0.286868 0.5356409999999999 0.028369 0.142743
0 0.574149 0.7189239999999999 0.050784 0.127852
0 0.371081 0.45340900000000006 0.047748 0.102945
0 0.430103 0.366933 0.02925 0.141664
0 0.4786599999999999 0.322662 0.02127 0.137799
0 0.5241370000000001 0.521776 0.048161 0.090985
0 0.251079 0.490123 0.036359 0.122913
0 0.46219199999999994 0.584309 0.040683 0.1082
0 0.6101146239010347 0.4761975797774835 0.038236336943106936 0.14242529739654564
0 0.5922103073959292 0.41469574681079335 0.03156015112764365 0.13163550213923153
0 0.4058393358137553 0.49253031238273254 0.0439170016647126 0.10327987793066278
0 0.44975633747846794 0.5573876166784761 0.043225395339284066 0.10266511675250413
0 0.4494105343157536 0.5275716995377787 0.03907575738671284 0.10327987793066278
