0 0.22666700000000004 0.454007 0.056736 0.186379
0 0.375045 0.161069 0.047851 0.17486100000000002
0 0.098241 0.428109 0.047687 0.184343
0 0.065439 0.194212 0.041562 0.17875800000000003
0 0.6257449344457687 0.1811680572109654 0.03098927294398095 0.17163289630512513
0 0.46781883194278906 0.4820553569063699 0.0345649582836711 0.18010859488809422
0 0.4861347123204844 0.37258727034725203 0.035142268360516836 0.19285805245191906
0 0.46601703695468116 0.34768775653303713 0.030558494226536437 0.20281785797760496
0 0.3282847021979414 0.34868997279237873 0.034889415686796287 0.1868930103456454
0 0.3606492259600353 0.4005140171458655 0.04361176960849534 0.17301885673920003
0 0.37896332433487245 0.3150248995345814 0.024330776728949958 0.17301885673920014
0 0.39663756780778897 0.3227781030205361 0.020199135397618875 0.1770994901528605
0 0.2664908658708582 0.2844201489321285 0.043611769608495304 0.1852607569801812
0 0.2972486402263233 0.24851057489191714 0.032594059391612265 0.1754672367873963
0 0.29839631837391534 0.16077695649821902 0.043152698349458556 0.16648984327734354
0 0.19303946442497136 0.3619521837916757 0.03351220190968579 0.1836285036147171
0 0.2173702411539214 0.27544275542207564 0.039021057018127366 0.1836285036147171
0 0.18913735872315862 0.2578960317433361 0.034889415686796245 0.16648984327734356
0 0.15815004873817512 0.2876846556630568 0.0463661971627161 0.17546723678739634
0 0.16916775895505815 0.18770913702837752 0.04269362709042174 0.16975435000827185
0 0.19395760694304495 0.14323023281947936 0.0426936270904217 0.1852607569801813
