0 0.967924 0.670047 0.028543 0.103384
0 0.8980809999999999 0.6304310000000001 0.030118999999999996 0.09974500000000001
0 0.699951 0.40890299999999996 0.035256 0.084669
0 0.6198 0.560972 0.024154999999999996 0.08941
0 0.036799 0.6945239999999999 0.022745 0.10225400000000001
0 0.26609800000000006 0.515582 0.022399 0.090066
0 0.813587 0.381136 0.018943 0.08810500000000002
0 0.583117 0.487242 0.024995 0.039359
0 0.560227 0.46704999999999997 0.02038 0.069833
0 0.6960667461263409 0.9238511455436363 0.023837902264600787 0.10594623228711426
0 0.10846245530393325 0.7161965302608926 0.030989272943980933 0.10594623228711426
0 0.8081048867699643 0.8835915772745331 0.023837902264600645 0.11018408157859881
