0 0.291185 0.807666 0.050878 0.119237
0 0.437945 0.362253 0.038704 0.111934
0 0.39305000000000007 0.6417870000000001 0.031627 0.127284
0 0.399166 0.23893300000000003 0.038116 0.103772
0 0.554525 0.42367600000000005 0.024362000000000005 0.129809
0 0.513643 0.505183 0.030379 0.117415
0 0.463474 0.23483900000000002 0.020813 0.11796699999999999
0 0.501368 0.636372 0.021574 0.132355
0 0.42110900000000007 0.48007399999999995 0.047399 0.079311
0 0.726027 0.606681 0.029374 0.131519
0 0.38865900000000003 0.810856 0.023006 0.143791
0 0.762828 0.396522 0.025468 0.108819
0 0.3054880253329908 0.6085529611990661 0.03610800533485325 0.11885055221329033
0 0.33319466308993256 0.5793169964834973 0.04004056037132244 0.09215684529907527
0 0.34445607069436707 0.5354630494101442 0.04039806537463768 0.08580120079569077
0 0.3666213808999204 0.5043203913435603 0.03324796530833019 0.08834345859704448
0 0.35625373580377456 0.46427983097223785 0.03682301534148401 0.06927652508689114
0 0.35786250831869365 0.4194725372233772 0.03789553035143008 0.07245434733858339
0 0.3460648432092862 0.3654495589446089 0.03789553035143015 0.09152128084873681
0 0.34088102066121323 0.46809321767426865 0.030387925281807143 0.1124949077099057
0 0.42668938067267675 0.5554023336114792 0.05415468147130838 0.08093915028160147
0 0.15108226816281028 0.4739216089209855 0.030029071278582665 0.12556757191920626
