0 0.68687 0.8094040000000001 0.044869000000000006 0.11614200000000001
0 0.6168709999999998 0.662675 0.051141 0.117364
0 0.527754 0.221752 0.043452000000000005 0.10132
0 0.6749520000000001 0.37080599999999997 0.032733 0.11696299999999998
0 0.469818 0.276374 0.036242 0.110833
0 0.701751 0.434546 0.033072 0.109359
0 0.2819769999999999 0.40514399999999995 0.033668 0.116274
0 0.480201 0.362792 0.035864 0.116661
0 0.377415 0.401155 0.027937 0.121316
0 0.351389 0.698198 0.025709 0.132235
0 0.432144 0.550817 0.032698 0.117714
0 0.478946 0.792491 0.031806 0.130183
0 0.465745 0.22595099999999999 0.03176 0.10192399999999999
0 0.490792 0.528509 0.02864 0.12391999999999999
0 0.506483 0.47366299999999995 0.031786 0.066408
0 0.516697 0.508338 0.03749 0.116838
0 0.6116850239545744 0.519514199378046 0.03513748342486792 0.11764550005955755
0 0.5854783175668604 0.4724039438232231 0.047142790261697626 0.0942205111096456
0 0.5658598893213093 0.44247201349833576 0.038944044129228604 0.07912440711970241
0 0.5430205250951451 0.40603314179847283 0.04128654302421978 0.08224773897969072
0 0.5598572359028944 0.37089565837360494 0.03806560704360685 0.07652163056971219
0 0.5645422336928767 0.3274292899887684 0.046264353176076016 0.0843299602196828
