0 0.36097699999999994 0.7249900000000001 0.051913 0.14008
0 0.772385 0.5880239999999999 0.039599 0.139326
0 0.572438 0.632052 0.036496 0.139859
0 0.462829 0.490316 0.034768 0.145445
0 0.404735 0.528187 0.04702 0.119257
0 0.19061399999999998 0.575818 0.055974 0.142292
0 0.16547 0.531157 0.039331 0.130687
0 0.427817 0.619208 0.034427 0.140319
0 0.261014 0.448258 0.03815 0.130262
0 0.809588 0.349925 0.030082 0.13356
0 0.476894 0.7571350000000001 0.034426 0.129298
0 0.29021900000000006 0.4881809999999999 0.050568 0.097584
0 0.309615 0.531907 0.04258599999999999 0.07857
0 0.543091 0.39937399999999995 0.024265 0.133472
0 0.294422 0.378859 0.037836 0.115425
0 0.361051 0.384568 0.028162 0.141451
0 0.337073 0.35362099999999996 0.03543 0.109017
0 0.767547 0.5612810000000001 0.030369999999999998 0.083049
0 0.4527908002297285 0.6804174965232258 0.020670002981487273 0.14988774091838736
0 0.31168188706295313 0.714142559149865 0.03807632128168706 0.1286133518848098
0 0.3266404418521873 0.6595060600409045 0.04514763809114331 0.11410808663464322
0 0.32364873089434054 0.6174407908154216 0.046779480431787056 0.09766878601778792
0 0.33751939078981225 0.5806941188483331 0.04514763809114335 0.09960282138447689
