0 0.57446 0.3970099999999999 0.037754 0.07888
0 0.7876499999999999 0.488394 0.028636000000000005 0.090292
0 0.666946 0.8255839999999999 0.041882 0.078078
0 0.499527 0.5353379999999999 0.028385000000000004 0.08704099999999998
0 0.7256370000000001 0.430349 0.039696 0.08083800000000001
0 0.520002 0.808621 0.025161 0.07982
0 0.47226899999999994 0.5995529999999999 0.027575 0.089703
0 0.466958 0.3295870000000001 0.028176 0.078722
0 0.521616 0.460429 0.024854 0.0817
0 0.538308 0.177602 0.031908 0.06838
0 0.23329800000000003 0.532892 0.019337 0.076354
0 0.659241 0.514958 0.035702 0.087763
0 0.703935 0.576725 0.028187000000000004 0.084563
0 0.581444 0.29047000000000006 0.036451 0.067259
0 0.343078 0.19312300000000002 0.018038 0.076968
0 0.6643220000000001 0.448407 0.034764 0.06193800000000001
0 0.740655 0.5161 0.026616 0.062572
0 0.6910500000000002 0.4053320000000001 0.024541 0.045043
0 0.7254517989310199 0.5613369737978451 0.023536791936722635 0.08297716479386985
0 0.6903465664610604 0.5094061581919883 0.03156717459036315 0.08474409286003493
0 0.6920414483182611 0.4645859490793477 0.024363926697260042 0.08248425038376744
