0 0.546122 0.8334329999999999 0.030466000000000003 0.088413
0 0.5100630000000002 0.672608 0.016209 0.079213
0 0.422973 0.49368700000000004 0.015662 0.08601900000000001
0 0.27143 0.82777 0.028581 0.085277
0 0.748979 0.6714990000000001 0.021531 0.069578
0 0.43769399999999997 0.611772 0.017036 0.081265
0 0.3678 0.4710829999999999 0.024238 0.073729
0 0.515287 0.49743299999999996 0.019336 0.072152
0 0.16893099999999997 0.6208670000000001 0.030635 0.071864
0 0.33454900000000004 0.491855 0.016075 0.070748
0 0.279566 0.522009 0.018868 0.079985
0 0.308549 0.492325 0.017882 0.070823
0 0.19794400000000004 0.5555939999999999 0.017273 0.072248
0 0.5804059999999999 0.287029 0.012777 0.049406
0 0.429469 0.376428 0.020821999999999997 0.040962
0 0.7200749999999999 0.331616 0.01641 0.056276
0 0.47285399999999994 0.342014 0.017757 0.053341
0 0.48172999999999994 0.395392 0.014827 0.045906
0 0.176029 0.5507129999999999 0.015504 0.069854
0 0.14228238561915874 0.6043686221495203 0.018375361404552332 0.07758485926366532
0 0.1402151574611466 0.569251264798598 0.019753513509893742 0.08085159018003019
0 0.15744205877791437 0.5398506865513142 0.01653782526409705 0.07758485926366532
