0 0.51786 0.687959 0.04813 0.113535
0 0.408418 0.6503700000000001 0.032063 0.103519
0 0.40617 0.54829 0.02873 0.10071400000000001
0 0.27748 0.403416 0.021725000000000005 0.11591100000000001
0 0.726689 0.200354 0.04501200000000001 0.09269500000000001
0 0.481701 0.37436099999999994 0.029757 0.095388
0 0.452964 0.44258700000000006 0.028990000000000002 0.095109
0 0.6648429999999999 0.185987 0.02128 0.092433
0 0.58534 0.357252 0.037469 0.079808
0 0.529948 0.496592 0.038362 0.067828
0 0.490158 0.549586 0.046180000000000006 0.073548
0 0.7260949999999999 0.46036699999999997 0.025501 0.113449
0 0.597781 0.56364 0.026989 0.114582
0 0.550794 0.4389 0.03828 0.075188
0 0.631613 0.434013 0.03735 0.0743
0 0.651829 0.3884520000000001 0.039463 0.075324
0 0.749599 0.43818099999999993 0.025201 0.099314
0 0.32870418623046477 0.8600059212067507 0.02756429234637018 0.1274082846232224
0 0.4031277755656644 0.8863451338932822 0.04410286775419237 0.12128288632402885
0 0.5938036630590512 0.5213622447629882 0.029047138279580765 0.09440319940863716
0 0.6044694091460846 0.49191167400730224 0.03131644595767305 0.08068649522105745
0 0.5981153476474264 0.4547958862056158 0.03313189210014663 0.06293546627242491
