0 0.5161949999999998 0.666093 0.024982 0.104533
0 0.481897 0.17096400000000003 0.023939 0.08685000000000001
0 0.373431 0.244914 0.017807 0.091133
0 0.303805 0.16688099999999997 0.032764 0.080856
0 0.393797 0.6457900000000001 0.03777 0.082129
0 0.6032949999999999 0.373067 0.021399999999999995 0.09843200000000002
0 0.311852 0.246225 0.034726 0.089116
0 0.407089 0.3626710000000001 0.034924 0.086953
0 0.46597700000000003 0.43970600000000004 0.016627 0.09651800000000002
0 0.460562 0.562811 0.029217 0.090187
0 0.212452 0.577408 0.030956 0.092826
0 0.217863 0.499369 0.0242 0.09437199999999998
0 0.322539 0.37651300000000004 0.03751 0.08888
0 0.381785 0.517779 0.032786 0.06240300000000001
0 0.3102307273767182 0.8604760702188006 0.04848639182841431 0.09496393126469073
0 0.37885129886269425 0.8612065619977597 0.03122852355050405 0.09350294770677252
0 0.310589941610477 0.5895866339302183 0.04002581674310747 0.08317052829736632
0 0.31266920481791116 0.5503116622342398 0.034827658724522086 0.07670170942979332
0 0.3407392581182722 0.5184296263869161 0.027550237498502595 0.07208112452438406
0 0.32020653394486 0.4791546546909376 0.02807005330036116 0.06930877358113846
0 0.313448928520699 0.43895556601387725 0.041585264148683125 0.06653642263789294
0 0.3901217592948335 0.4190870509206176 0.04730323796912707 0.06376407169464741
