0 0.28645 0.590159 0.051581999999999996 0.139891
0 0.4461379999999999 0.39266299999999993 0.052147 0.115285
0 0.557514 0.660061 0.057507 0.165301
0 0.41194 0.54199 0.05611800000000001 0.152293
0 0.565077 0.22552399999999997 0.031113999999999996 0.128445
0 0.741534 0.576507 0.045702 0.15305
0 0.564613 0.480717 0.045382 0.159093
0 0.470324 0.657311 0.081161 0.16717
0 0.4610909999999999 0.511052 0.05856 0.088264
0 0.7460549999999999 0.177433 0.041666 0.120558
0 0.505095 0.628867 0.060735000000000004 0.106732
0 0.761734 0.175154 0.017907 0.08343
0 0.7535279999999999 0.184499 0.033439 0.102909
0 0.49845899999999993 0.428925 0.05234199999999999 0.080187
0 0.5884080087192369 0.5662152499805907 0.046784734638226765 0.18127418549284435
0 0.6097010610225324 0.5427562377403403 0.05458219041126469 0.1642130856817532
0 0.6591849149668109 0.5278277754056355 0.04078669173588999 0.14715198587066206
0 0.6264955811490753 0.512366153701834 0.03178962738238482 0.13968775470330955
0 0.6025034095397284 0.48357554777061756 0.0377876702847216 0.13968775470330955
0 0.62889479831001 0.4601165355303671 0.036588061704254216 0.13115720479776394
0 0.6480885355974878 0.3561504585565298 0.056981407572199314 0.13009088605957078
0 0.6993718024124672 0.3529515023419502 0.05758121186243287 0.17061099811091243
0 0.7158664203938934 0.3241608964107337 0.03778767028472174 0.15141726082343482
0 0.7521545799530307 0.3476199086509842 0.0551819947014981 0.1556825357762076
