0 0.6832680000000001 0.515012 0.069211 0.21156199999999997
0 0.5040062146746578 0.5534076183561639 0.045797 0.208314
0 0.144678 0.37544199999999994 0.033842 0.18444
0 0.639831 0.7681660000000001 0.053185 0.223622
0 0.22267299999999998 0.345044 0.065757 0.196433
0 0.066682 0.188064 0.036385 0.173648
0 0.279718 0.608887 0.045548000000000005 0.19816099999999998
0 0.04615299999999999 0.562001 0.052437 0.213386
0 0.337646 0.570164 0.048735999999999995 0.202015
0 0.177622 0.677775 0.042317999999999995 0.19362500000000002
0 0.443576 0.48884900000000003 0.042649999999999993 0.18114899999999998
0 0.411145 0.311964 0.041378 0.198351
0 0.6299239999999999 0.45628 0.054442 0.18608
0 0.29426819737217547 0.4092975176537611 0.04008319289382051 0.1774997147944537
0 0.5562665218326933 0.52201631464002 0.03789683691779395 0.2060033186300594
0 0.5810452228943278 0.5602370561468549 0.08453909773969429 0.07514586465750582
