0 0.20755 0.56958 0.040423999999999995 0.09439700000000001
0 0.15334200000000003 0.52377 0.024748000000000003 0.08225100000000002
0 0.48443700000000006 0.496257 0.030758 0.08229000000000002
0 0.525404 0.406684 0.034259 0.069965
0 0.7426220000000001 0.816182 0.026278000000000003 0.097863
0 0.24169499999999997 0.503138 0.030791 0.083685
0 0.308 0.518483 0.034883 0.077267
0 0.16025000000000003 0.601438 0.041444 0.06593
0 0.333585 0.518066 0.020942 0.093073
0 0.178874 0.47999900000000006 0.0279 0.080214
0 0.343183 0.336485 0.019438 0.085711
0 0.7619989999999999 0.802423 0.025973000000000003 0.096003
0 0.364162 0.32139 0.017952 0.061647
0 0.16676599999999997 0.454578 0.01727 0.056717
0 0.38703499999999996 0.383773 0.029997 0.068434
0 0.5309762978454693 0.5992801392158218 0.02165543335315121 0.09152485039822394
0 0.548954393459406 0.5971009761111022 0.023289805681690937 0.08861929959193106
0 0.318148055889804 0.17352282314766437 0.03665395077565378 0.06003743248147037
0 0.2946730537076437 0.18230878887666005 0.03500658220146711 0.05710877723847181
0 0.27728670747976303 0.52698876726023 0.030617728933806952 0.07214336129729468
0 0.2398650387828879 0.45722138492781633 0.018467836499756557 0.08035128863051981
