0 0.40089499999999995 0.23507 0.043427 0.100283
0 0.765423 0.703272 0.042211 0.12781
0 0.490574 0.556964 0.041643999999999994 0.11535999999999999
0 0.41578400000000004 0.677834 0.024751 0.128819
0 0.542593 0.467708 0.025987 0.119676
0 0.210532 0.49990899999999994 0.036841 0.118234
0 0.1852 0.46635 0.037344 0.102855
0 0.4301440000000001 0.414312 0.036526 0.111248
0 0.498718 0.786485 0.027392 0.138452
0 0.472905 0.245051 0.027192000000000004 0.10981
0 0.288893 0.667859 0.055778 0.114402
0 0.354432 0.647097 0.03476 0.11331
0 0.243519 0.69072 0.053404 0.116783
0 0.6846979999999999 0.387966 0.029732 0.10393100000000001
0 0.380811 0.584927 0.05271 0.082154
0 0.40191999999999994 0.512665 0.038946 0.080844
0 0.260677 0.6104179999999999 0.034893 0.08755799999999998
0 0.345343 0.447342 0.038421 0.055784
0 0.3225529999999999 0.560228 0.050255 0.074996
0 0.29710099999999995 0.5972550000000001 0.036136 0.09529199999999999
0 0.35566400000000004 0.620342 0.029067 0.05768199999999999
0 0.3379467406923293 0.49572931969017864 0.039943863547136436 0.06121664911438543
0 0.34242320815881866 0.5373566410879608 0.030990928614157552 0.0808059768309888
