0 0.540253 0.467896 0.04936100000000001 0.116791
0 0.470146 0.65219 0.033883 0.119927
0 0.285233 0.76117 0.032998 0.143794
0 0.629709 0.22239699999999998 0.026824 0.130718
0 0.464533 0.386913 0.025779 0.127602
0 0.564362 0.21212400000000003 0.025700000000000004 0.115871
0 0.215198 0.403175 0.025112000000000002 0.125542
0 0.7284229999999999 0.295001 0.023443000000000002 0.119562
0 0.49558699999999994 0.306774 0.030684 0.110787
0 0.779769 0.452036 0.036463 0.11724899999999999
0 0.674429 0.362016 0.04031799999999999 0.088773
0 0.300581 0.23237799999999997 0.023908 0.108088
0 0.581796 0.401097 0.037724 0.087807
0 0.6124220000000001 0.34788600000000003 0.038336 0.067241
0 0.776882 0.38059400000000004 0.026793 0.10030100000000002
0 0.5312944177706178 0.8374808211521256 0.0590645709987843 0.12335383975582119
0 0.5591063759593657 0.6769169388253334 0.05275670419308888 0.12845110586143357
0 0.6378425752779322 0.45373048911668734 0.047503509330109994 0.1079945100999673
0 0.6430247762957623 0.3761894072202654 0.03656330718135756 0.07984428234879104
0 0.644464276578493 0.4268598171723827 0.0400181078599109 0.0890570841582668
0 0.6898085354845072 0.3280781088818913 0.0403060079164571 0.08393886093078028
0 0.6977257870395254 0.299927881130715 0.03656330718135734 0.07882063770329367
