0 0.37095 0.663922 0.037746 0.094044
0 0.530821 0.52143 0.027163 0.107573
0 0.624523 0.761689 0.023704 0.11259999999999999
0 0.31317899999999993 0.544284 0.040718 0.096846
0 0.650581 0.5418159999999999 0.024699 0.106265
0 0.271378 0.3122440000000001 0.039702 0.086424
0 0.18422899999999998 0.176398 0.030137 0.083948
0 0.312295 0.496345 0.038076 0.072188
0 0.199082 0.449303 0.023806000000000004 0.09941899999999998
0 0.334204 0.364946 0.037833 0.064508
0 0.32847100000000007 0.44324900000000006 0.03165 0.056486999999999996
0 0.42261799999999994 0.2753 0.01969 0.086872
0 0.296232 0.417905 0.029390999999999997 0.052577
0 0.27730899999999997 0.388791 0.031607 0.066759
0 0.344532 0.140736 0.019999 0.089771
0 0.38758399999999993 0.466721 0.029378 0.067491
0 0.368308 0.454836 0.028073 0.054953
0 0.39829599999999993 0.525437 0.043985 0.060635
0 0.311653 0.463518 0.035113 0.052794
0 0.4244697523188621 0.8613544334018488 0.029766462294450378 0.11430321521068933
0 0.3612389274451233 0.43105944469063884 0.035531697781487494 0.059658159238053086
0 0.36436440086108746 0.37695768263652196 0.035860694983167886 0.06726165012133442
