0 0.902315 0.8057079999999999 0.032629 0.065802
0 0.8421149999999998 0.755144 0.034434 0.072178
0 0.8142959999999999 0.59158 0.034264 0.061053
0 0.5366979999999999 0.7357099999999999 0.029902 0.066006
0 0.43973 0.589528 0.026614 0.063028
0 0.330062 0.5912500000000002 0.026784 0.064231
0 0.8492390000000001 0.663885 0.033799 0.065199
0 0.4794670000000001 0.324171 0.028812 0.05685
0 0.812886 0.520653 0.032116 0.05843
0 0.509684 0.24133400000000002 0.025184 0.048295
0 0.520808 0.397488 0.024852 0.059325
0 0.753748 0.24028100000000002 0.020835 0.05373200000000001
0 0.7660029999999999 0.19880000000000003 0.023703 0.041402999999999995
0 0.34847900000000004 0.306317 0.022643 0.052713
0 0.5309892729439809 0.504304065686664 0.027413587604290798 0.06356773937226855
0 0.7842669845053635 0.2860548271752086 0.028605482717520943 0.05085419149781483
0 0.798569725864124 0.34856310422460596 0.03098927294398095 0.0487352668520726
0 0.7938021454112039 0.3835253608793536 0.028605482717520943 0.04661634220633026
0 0.7914183551847438 0.42060654217984367 0.01907032181168077 0.07416236260097996
