0 0.251581 0.605299 0.033373 0.096696
0 0.8509790000000002 0.514683 0.025055 0.083461
0 0.22101700000000002 0.520338 0.022628 0.094116
0 0.136175 0.533005 0.033195 0.085508
0 0.109094 0.53096 0.027908 0.051156
0 0.378032 0.5883990000000001 0.017039 0.088096
0 0.5744299999999999 0.497693 0.021775 0.05897
0 0.097665 0.446177 0.019223 0.069634
0 0.16330800000000004 0.49544199999999994 0.020351999999999995 0.08097099999999999
0 0.3995699999999999 0.417703 0.025996 0.076704
0 0.17865400000000003 0.480761 0.017974 0.079482
0 0.365044 0.55775 0.017597 0.063627
0 0.559017 0.489997 0.020644 0.059771
0 0.6415176645179004 0.8466163304814301 0.03289629581419909 0.0925969808103379
0 0.6250695166108009 0.8303712461287392 0.031068723824521242 0.0860989470692617
0 0.6085814725626817 0.26479487494886117 0.021930863876132634 0.03573918557591991
0 0.587564394681388 0.281039959301552 0.029241151834843607 0.058482303669687104
0 0.09401164549763337 0.4851938892349514 0.023982562626947316 0.06480621367637313
0 0.15588665707515736 0.4591861324306173 0.020145352606635712 0.07759691374407829
0 0.1510901445497679 0.4408527956669065 0.027819772647258816 0.0818604804333134
0 0.23670789312796972 0.5035272259986621 0.02734012139471993 0.08271319377116043
