0 0.37545 0.39142599999999994 0.039226 0.08838499999999999
0 0.499527 0.763542 0.037404 0.102973
0 0.30399899999999996 0.6929140000000001 0.032977 0.101497
0 0.338121 0.675488 0.04349 0.120438
0 0.840946 0.501249 0.033353 0.08649599999999999
0 0.46866099999999994 0.16594 0.026499 0.072825
0 0.227189 0.613534 0.026432 0.098255
0 0.254926 0.639455 0.041765 0.103638
0 0.484241 0.18430899999999997 0.02981 0.079736
0 0.36019399999999996 0.5330532930917495 0.031725 0.078211
0 0.12897223356727097 0.5033843547104965 0.034662694536404415 0.09283399864295333
0 0.1307728930237076 0.5337954921969811 0.02205807834134827 0.08483106772545732
0 0.35675565480650007 0.5994195257204481 0.031061375623531264 0.09283399864295319
0 0.26627251712056116 0.5906163017112025 0.025659397254221474 0.08643165390895646
0 0.28067779277205396 0.5694085347798382 0.031061375623531264 0.0888325331842053
0 0.27009891846548895 0.5453997420273504 0.031511540487640384 0.0952348779182021
0 0.2836038643887634 0.5021839150728721 0.028810551302985453 0.09203370555120366
0 0.29935963463258364 0.46457013976064104 0.02520923239011232 0.09203370555120366
0 0.31286458055585803 0.5045847943481209 0.029710881031203798 0.09683546410170124
0 0.30408636570572967 0.55620369876597 0.03016104589531292 0.08162989535845902
0 0.33604807105747925 0.43615973500353034 0.039164343177495835 0.0832304815419581
