0 0.459781 0.801789 0.04108 0.11620599999999999
0 0.390601 0.417374 0.055812 0.072804
0 0.8019750000000001 0.36055 0.032371 0.104183
0 0.24033099999999996 0.718698 0.049997 0.11764800000000002
0 0.4339680000000001 0.549514 0.029264 0.118959
0 0.285032 0.671402 0.049221 0.105426
0 0.455915 0.45480999999999994 0.037277 0.101869
0 0.790134 0.662383 0.024819 0.119695
0 0.357256 0.707979 0.03285 0.105631
0 0.316704 0.22126 0.041492 0.093393
0 0.36845799999999995 0.570107 0.050381 0.07736
0 0.2957350000000001 0.433371 0.039928 0.067041
0 0.155482 0.5661 0.029348 0.107334
0 0.38859299999999997 0.23105600000000004 0.030877 0.086651
0 0.319735 0.51658 0.036494 0.084424
0 0.186313 0.499055 0.032053 0.109578
0 0.3840390000000001 0.509191 0.04638 0.071722
0 0.35929514200550733 0.654546312880076 0.04485899299479826 0.11736692506815154
0 0.2640755814033411 0.6214428211941871 0.03554863595814208 0.10382458756028783
0 0.28438908766513654 0.5879631534664133 0.033855843769659125 0.09253930630373496
0 0.29433424177247397 0.5676496472046177 0.03427904181677985 0.09554871463881569
0 0.29920101931436244 0.48376238986424014 0.03470223986390053 0.07523520837702016
