0 0.414302 0.736443 0.044123 0.104407
0 0.6184060000000001 0.80426 0.05781 0.096646
0 0.732791 0.21082699999999996 0.044716 0.08516
0 0.690672 0.72051 0.047871 0.10670600000000001
0 0.57 0.8136969999999999 0.030647999999999998 0.100921
0 0.707227 0.37162500000000004 0.042608 0.089345
0 0.628725 0.47888099999999995 0.026665 0.085037
0 0.30763999999999997 0.576219 0.029529 0.089567
0 0.62361 0.6798819999999999 0.029300000000000003 0.079976
0 0.506749 0.19745199999999996 0.024677 0.080724
0 0.71867 0.551747 0.02803 0.098371
0 0.7782700000000001 0.6957800000000001 0.028546000000000002 0.112808
0 0.63018 0.7444620000000001 0.040568 0.09545399999999998
0 0.583196 0.359967 0.026480999999999998 0.084689
0 0.6920499999999999 0.586014 0.033902 0.089499
0 0.78786 0.645344 0.022773 0.11288000000000001
0 0.6666587566231742 0.47455818928768095 0.036363204906718634 0.06170725681140127
0 0.6575679553964946 0.518145061162401 0.04572948495844919 0.07444050028042057
0 0.6363560858675754 0.5744651765061402 0.03966895080732947 0.06954309894618234
0 0.6413147047184915 0.5984624430439074 0.04848427320895816 0.07248153974672526
0 0.6707909389989376 0.60776750557896 0.03691416255682043 0.07737894108096334
0 0.6655568413229704 0.6797593051922612 0.03415937430631132 0.10774282935324024
