0 0.438305 0.3775299999999999 0.038064 0.108102
0 0.445792 0.6485110000000001 0.035208 0.126766
0 0.41253700000000004 0.63426 0.036288 0.111272
0 0.6164170000000001 0.2755989999999999 0.028738 0.097615
0 0.702602 0.299997 0.026361 0.091872
0 0.29558998808104886 0.8390941597139451 0.033373063170440996 0.09747053370414506
0 0.3128724672228844 0.8613428684942391 0.048867699642431504 0.11230300622434114
0 0.6503145603193022 0.3249460018749469 0.03612858668440559 0.09549778468626524
0 0.6940491652530565 0.3262136715831717 0.05134062318310285 0.10141357665798079
0 0.5569031486944902 0.40987987232600587 0.036603962824989865 0.0895819927145498
0 0.5963593683629859 0.3895971569944098 0.048012990199013006 0.07436995621585268
0 0.6225050560951215 0.3874843741473684 0.04040697194966427 0.09042710585336629
0 0.5923186711680195 0.43016258765760207 0.0323255775597314 0.10141357665798083
0 0.625119624868335 0.4335430402128681 0.056094384588945514 0.11155493432377889
0 0.5851880290592552 0.4504453029891982 0.029473320716225614 0.06760905110532058
0 0.5973101206441543 0.4863626113888998 0.04801299019901286 0.09380755840863224
0 0.5597554055379959 0.46143177379381284 0.04516073335550708 0.047326335773724464
0 0.5664106715061759 0.5053776570122711 0.029948696856809887 0.11324516060141193
0 0.5412157360552087 0.5831280657833898 0.026145687732135627 0.1284571971001091
0 0.5426418644769616 0.5362242865790737 0.03185020141914705 0.10056846351916442
0 0.7308908161483384 0.4631220000714458 0.04516073335550701 0.10141357665798083
0 0.7249486143910349 0.4931235164994318 0.03327632984089988 0.12592185768365957
