0 0.9121669999999998 0.613479 0.022914 0.062393000000000004
0 0.8880080000000001 0.659789 0.031224 0.06128599999999999
0 0.864444 0.731792 0.024728 0.060273
0 0.51663 0.54927 0.019914 0.060109
0 0.582045 0.590909 0.025936 0.056667
0 0.178416 0.48633999999999994 0.015796 0.056891
0 0.9410090000000001 0.43726 0.014478999999999999 0.063674
0 0.8737239999999998 0.539855 0.028739 0.057582
0 0.655337 0.514408 0.014307 0.047645999999999994
0 0.18660700000000002 0.35542999999999997 0.017229 0.052243
0 0.5057577133939352 0.34326003591769516 0.016525187539956576 0.05566378960827492
0 0.6562238946788033 0.6563688524642413 0.02522265466624958 0.05102514047425202
0 0.6492659209777688 0.4275288285191112 0.026962148091508167 0.05721000598628244
0 0.6318709867251829 0.3710919307218326 0.028701641516766685 0.05257135685225961
0 0.6675306019429841 0.3038315182785004 0.01478569411469806 0.05721000598628251
0 0.9319336025822897 0.7823854872718637 0.032180628367284074 0.06184865512030541
0 0.8553958918709119 0.432940585842138 0.018264680965215233 0.05257135685225961
0 0.8836626600313638 0.4020162582819853 0.02261341452836163 0.0494789240962443
0 0.8640933589972047 0.3540835505637486 0.02174366781573255 0.05257135685225961
0 0.8419148178251578 0.31310881654654626 0.02783189480413739 0.051025140474251954
0 0.8571353852961704 0.2906886790654355 0.018264680965215233 0.04947892409624433
