0 0.534551 0.837465 0.044767 0.118079
0 0.618627 0.498814 0.037221 0.101961
0 0.581107 0.6394069999999998 0.037615 0.095876
0 0.723394 0.238019 0.039943 0.09237000000000001
0 0.264315 0.765691 0.036112 0.10416699999999998
0 0.41220100000000004 0.592366 0.027531 0.10278000000000001
0 0.78594 0.34204499999999993 0.030236 0.093574
0 0.5351059999999999 0.4819629999999999 0.026323 0.098582
0 0.7667430000000001 0.385867 0.029396 0.108171
0 0.574167 0.504201 0.03466 0.080004
0 0.5820970000000001 0.24850099999999997 0.020001 0.088718
0 0.547458 0.336851 0.033144 0.08426
0 0.7027289999999999 0.325641 0.040288 0.076862
0 0.6299130000000001 0.323987 0.041999 0.057065000000000005
0 0.674859 0.23308299999999998 0.0269 0.060441
0 0.6562560000000001 0.278951 0.035092 0.071011
0 0.680509 0.356545 0.033097 0.063488
0 0.6041380000000001 0.38899800000000007 0.043494000000000005 0.054719
0 0.656569 0.368913 0.036109 0.058128
0 0.5793133439464584 0.4443311295866117 0.0474346622719758 0.07751388133332973
0 0.6580960467733206 0.4046054245421054 0.03401879819505339 0.06814407150182823
0 0.6561794947623316 0.4356961571648146 0.0368936262115367 0.08943909384614969
