0 0.513258 0.635494 0.036226 0.13384
0 0.473556 0.6279679999999999 0.037033 0.123415
0 0.585888 0.48174 0.04056 0.117558
0 0.19412899999999997 0.7928839999999999 0.038713 0.159664
0 0.17373999999999998 0.213654 0.025924 0.112824
0 0.2773349942219396 0.5407870203120673 0.04670905165843191 0.11625363968320833
0 0.30098145162402073 0.4992678632823501 0.0344479255980935 0.13908917604955293
0 0.36024356091565624 0.49771089489373566 0.03269633616090232 0.0695445880247764
0 0.3911883076393674 0.49252100026502105 0.05721858828157913 0.07162054587626229
0 0.41979760178015696 0.4504828537724323 0.025689978412137576 0.08096235620794864
0 0.4539535958053853 0.4582676957155043 0.0484606410956232 0.07369650372774807
0 0.3733804816945902 0.7561676474037258 0.03911883076393678 0.13805119712380987
0 0.3222924564431803 0.7644714788096691 0.04437359907551034 0.13389928142083818
0 0.3184973459959327 0.7006357748764789 0.03561565188955431 0.12663342894063767
0 0.35674038204127384 0.6720913544185483 0.029193157286519947 0.12767140786638065
0 0.3625790134985779 0.6440659234234891 0.026857704703598342 0.1276714078663805
0 0.39644307595094097 0.6326481552403167 0.038534967618206364 0.11313970290597944
0 0.40782840729268377 0.6886990172304351 0.03795110447247595 0.12144353431192285
