0 0.850643 0.619041 0.034416 0.194928
0 0.156652 0.45409600000000006 0.050052000000000006 0.147647
0 0.510241 0.418035 0.049795 0.139461
0 0.447436 0.604362 0.044204 0.126581
0 0.40803799999999996 0.589503 0.053872 0.109764
0 0.7300357568533968 0.5530393325387365 0.0631704410011919 0.10594623228711435
0 0.258332763157528 0.6521961800362405 0.0714241391853848 0.09069731960048856
0 0.2699275909473632 0.624986984156094 0.07606207030131884 0.08904827742593441
0 0.2863922464089292 0.5887080563158986 0.07652586341291222 0.09564444612415166
0 0.29265345341544013 0.5437716570592929 0.08441034631000015 0.07997854546588541
0 0.30679914331903907 0.5140888979173148 0.07188793229697818 0.08987279851321148
0 0.32836552300813254 0.453486598002443 0.07606207030131891 0.10718774134603194
0 0.3441344888023084 0.43617165516962236 0.0760620703013188 0.09564444612415159
0 0.35688879937112716 0.41597088853133174 0.05982931139554957 0.10306513590964612
0 0.37057069616313265 0.3805164817784135 0.06029310450714306 0.07832950329133112
0 0.383556903287748 0.35949119405284563 0.05658275961439564 0.08904827742593419
0 0.3983982828587371 0.5582007760866433 0.05658275961439571 0.10388965699692328
0 0.39747069663555024 0.5421226148847387 0.05843793206076931 0.09646896721142881
0 0.3926008689638195 0.4992475183463258 0.05519138027961546 0.08327662981499401
0 0.41671811076667675 0.4753364068152879 0.053336207833241785 0.1014160937350917
0 0.43851638701156687 0.456372421807913 0.05704655272598913 0.11955555765518952
0 0.45845949081008336 0.4275141837532121 0.05240862161005495 0.11460843113152648
