0 0.487301 0.44974700000000006 0.042026 0.121319
0 0.825339 0.605653 0.035041 0.167672
0 0.702683 0.558709 0.05601 0.09908999999999998
0 0.287795 0.6899190000000001 0.060171 0.089284
0 0.44331599999999993 0.449778 0.04972000000000001 0.086372
0 0.442574 0.618825 0.04508999999999999 0.106881
0 0.14481525625744934 0.4947689047808237 0.046483909415971386 0.12501655409879484
0 0.42499732389328143 0.4845189129243302 0.051395025215001555 0.11684680946316575
0 0.40350036623123764 0.5056040514740744 0.04793574467168412 0.09751876579256702
0 0.38570978057989097 0.5201000842270235 0.04991247641072249 0.06676960540752333
0 0.39411089047080466 0.5578776241286486 0.05090084228024196 0.07379798492410472
0 0.3906516099274872 0.5824769524366835 0.061772866844953714 0.08434055419897682
0 0.39608762220984317 0.6031228172666412 0.048924110541203374 0.10454714530914813
0 0.29206211444294117 0.6338719776516848 0.05930195217115561 0.09049038627598542
0 0.2937917547145998 0.6101511967832226 0.07165652554014627 0.09224748115513087
0 0.29428593764935945 0.5802805838377517 0.07264489140966561 0.07116234260538669
0 0.3063934195509704 0.5657845510848025 0.07313907434442513 0.06676960540752326
0 0.3152887123766437 0.540306675337195 0.07412744021394442 0.06501251052837788
0 0.33184384069109135 0.49813639823770656 0.06276123271447308 0.09488312347384899
0 0.33209093215847113 0.47705125968796236 0.06029031804067486 0.07028379516581396
0 0.3511169751467168 0.42521696075317467 0.07066815967062706 0.09312602859470352
0 0.36297736558094795 0.3900750631702676 0.0597961351059152 0.07028379516581396
