0 0.817939 0.627111 0.030195 0.076365
0 0.668413 0.611268 0.031461 0.07948
0 0.177611 0.838008 0.033863 0.084175
0 0.12684 0.376769 0.020340000000000004 0.073608
0 0.589445 0.7973779999999999 0.030924 0.08471500000000001
0 0.22193 0.569626 0.031783 0.074458
0 0.66448 0.286201 0.02941 0.056734
0 0.193627 0.74444 0.037942 0.068055
0 0.20633799999999997 0.650235 0.03855 0.06661
0 0.567906 0.505105 0.03166 0.066776
0 0.250144 0.350447 0.030101 0.073979
0 0.575232 0.18637500000000004 0.022135 0.04926500000000001
0 0.57671 0.3873849999999999 0.02031 0.060466
0 0.780687 0.301704 0.027314 0.06478
0 0.226938 0.520177 0.034887 0.06201399999999999
0 0.265453 0.29671800000000004 0.027727000000000005 0.064981
0 0.2730676455757805 0.18009693311062175 0.02467674323871499 0.06349571359669355
0 0.2806979543403832 0.14748322567232008 0.02500143722869808 0.054837207197144446
0 0.26689845976610177 0.25456008814674425 0.030521235058410704 0.05772337599699412
