0 0.2521880000000001 0.492893 0.054855 0.130243
0 0.283667 0.599929 0.052166 0.145931
0 0.042881999999999997 0.672892 0.045225 0.143988
0 0.6034489999999999 0.5494099999999998 0.03245 0.110114
0 0.438433 0.511306 0.05167999999999999 0.128308
0 0.34084800000000004 0.51108 0.046162999999999996 0.140707
0 0.48446 0.844418 0.034369 0.143134
0 0.22086500000000003 0.7280969999999999 0.036056 0.155589
0 0.42072499999999996 0.484441 0.03365 0.126549
0 0.372624 0.608657 0.066131 0.065698
0 0.335891 0.584551 0.063968 0.0735
0 0.48220100000000005 0.524645 0.04965 0.10420199999999999
0 0.22955461298104815 0.6936516693065525 0.0612642031437953 0.13669835803513494
0 0.5264984547494438 0.5563976268891608 0.03750869580232361 0.113359613980356
0 0.5511916794859736 0.5308361453053552 0.054387608913369405 0.07112760092885076
0 0.5449402301855863 0.4991621355167263 0.05563789877344682 0.08112991980947051
0 0.4943034908524493 0.4847143415780533 0.05438760891336919 0.11669372027389578
0 0.4686725487208615 0.42859021897013205 0.029381811711820163 0.13558698927062182
