0 0.710972 0.463418 0.022453 0.109093
0 0.432162 0.818987 0.026491 0.119809
0 0.381084 0.547315 0.040109 0.090190
0 0.314604 0.602920 0.046956 0.092746
0 0.265959 0.849778 0.040699 0.100041
0 0.419951 0.385599 0.025272 0.097876
0 0.675056 0.516104 0.019249 0.102732
0 0.203134 0.428781 0.027552 0.119045
0 0.429721 0.514936 0.021926 0.104796
0 0.315315 0.189728 0.041482 0.074599
0 0.293965 0.512341 0.041529 0.079748
0 0.304782 0.302667 0.039179 0.076489
0 0.383709 0.491384 0.032057 0.050228
0 0.303282 0.392890 0.032012 0.063932
0 0.517311 0.311378 0.019606 0.092449
0 0.380146 0.367786 0.037112 0.054714
0 0.334425 0.461012 0.037479 0.064850
0 0.384803 0.427440 0.026377 0.085021
0 0.303897 0.469765 0.024105 0.058023
0 0.366487 0.420165 0.029216 0.065379
0 0.310874 0.427719 0.027289 0.048584
0 0.393153 0.183433 0.018736 0.092708
0 0.373713 0.423306 0.043064 0.071495
0 0.384960 0.504032 0.030284 0.073843
0 0.364030 0.058134 0.026882 0.094115
0 0.528675 0.033701 0.022349 0.067403
