0 0.227487 0.706201 0.086353 0.137823
0 0.367651 0.669255 0.049807 0.143925
0 0.761222 0.384722 0.046029 0.161541
0 0.453915 0.231711 0.045903 0.143785
0 0.675439 0.761354 0.038149 0.184748
0 0.476776 0.463727 0.042464 0.117074
0 0.712566 0.720309 0.029905 0.168625
0 0.501705 0.430159 0.046055 0.147212
0 0.734264 0.377214 0.039822 0.159825
0 0.632123 0.595847 0.042816 0.152444
0 0.357425 0.554887 0.037339 0.130680
0 0.304027 0.145528 0.043330 0.144506
0 0.473430 0.637117 0.032471 0.183564
0 0.813623 0.170121 0.031546 0.146366
0 0.432313 0.143480 0.033227 0.158613
0 0.492825 0.141641 0.033425 0.165270
0 0.402783 0.571217 0.053778 0.101770
0 0.942811 0.141777 0.034223 0.162923
0 0.650858 0.126047 0.034661 0.150199
0 0.353116 0.146935 0.028462 0.152360
0 0.547821 0.161258 0.031228 0.152963
0 0.451992 0.594912 0.024797 0.120168
0 0.370511 0.642125 0.043637 0.082774
0 0.741576 0.156055 0.031171 0.149964
0 0.529810 0.129381 0.031140 0.159885
0 0.498313 0.620510 0.027744 0.059665
0 0.573362 0.139903 0.032869 0.165401
0 0.396757 0.154679 0.037440 0.159292
0 0.401961 0.596476 0.056642 0.152303
0 0.236601 0.124641 0.034711 0.145176
0 0.204823 0.118984 0.034677 0.140878
0 0.913485 0.160346 0.030893 0.137994
0 0.419280 0.629294 0.044890 0.082000
0 0.095331 0.093498 0.032663 0.147079
0 0.166839 0.105446 0.030747 0.147142
0 0.429950 0.629157 0.045328 0.087133
0 0.061983 0.104510 0.039971 0.152079
0 0.129399 0.086686 0.028393 0.146761
