0 0.551351 0.704455 0.033390 0.081975
0 0.283540 0.632137 0.021446 0.070692
0 0.306206 0.638509 0.026817 0.077587
0 0.157979 0.415352 0.020519 0.083903
0 0.366547 0.513845 0.028328 0.074553
0 0.756182 0.419818 0.021173 0.076100
0 0.337077 0.396234 0.018940 0.082953
0 0.475421 0.378395 0.016633 0.077741
0 0.502908 0.407931 0.019594 0.069308
0 0.181426 0.400290 0.019901 0.069151
0 0.439986 0.554947 0.025529 0.081919
0 0.250276 0.350455 0.020122 0.085279
0 0.418711 0.356395 0.017769 0.076971
0 0.271500 0.307135 0.017703 0.075995
0 0.066914 0.263441 0.022506 0.072963
0 0.255754 0.634739 0.026912 0.051941
0 0.372237 0.305245 0.016029 0.065443
0 0.392218 0.381867 0.016014 0.078563
0 0.252282 0.626848 0.033465 0.065187
0 0.470759 0.251041 0.017688 0.074607
0 0.241951 0.622451 0.019620 0.059352
