0 0.446580 0.666836 0.045262 0.086129
0 0.246209 0.559910 0.041245 0.107838
0 0.142267 0.216684 0.019901 0.099436
0 0.315271 0.503132 0.054563 0.062690
0 0.362308 0.353887 0.026419 0.093858
0 0.381309 0.590270 0.036240 0.087994
0 0.493673 0.557900 0.041615 0.089100
0 0.481529 0.643840 0.037814 0.107880
0 0.525206 0.522839 0.022395 0.101276
0 0.407342 0.619101 0.050790 0.066853
0 0.271048 0.484961 0.025975 0.073924
0 0.431257 0.466096 0.025687 0.084891
0 0.236369 0.450377 0.031562 0.058906
0 0.457335 0.661419 0.027485 0.076366
0 0.408402 0.559940 0.029095 0.068337
0 0.453917 0.531972 0.026897 0.078397
0 0.510039 0.536553 0.026175 0.104720
0 0.416599 0.619867 0.032880 0.062781
0 0.431521 0.544760 0.030052 0.098275
0 0.250815 0.504066 0.025505 0.071894
0 0.487119 0.559194 0.030044 0.088482
0 0.384786 0.581432 0.040236 0.069875
0 0.513784 0.530521 0.032904 0.107862
0 0.472485 0.634510 0.025683 0.122146
0 0.420851 0.550875 0.051206 0.084842
0 0.247779 0.497221 0.029216 0.070084
0 0.256108 0.494712 0.024004 0.072210
0 0.424396 0.538881 0.047349 0.107648
