0 0.538260 0.242649 0.051223 0.094440
0 0.503506 0.672811 0.033228 0.136668
0 0.107639 0.631338 0.037999 0.143112
0 0.431811 0.507868 0.033421 0.129087
0 0.656429 0.357840 0.049426 0.101834
0 0.545292 0.445318 0.051880 0.106776
0 0.492806 0.607447 0.053506 0.135573
0 0.534930 0.742849 0.027230 0.142443
0 0.635759 0.667748 0.045786 0.101100
0 0.464442 0.248780 0.029377 0.117057
0 0.877722 0.493749 0.038855 0.114684
0 0.579947 0.541351 0.046135 0.093488
0 0.446537 0.367561 0.022925 0.125991
0 0.810704 0.559729 0.040760 0.105807
0 0.710828 0.661704 0.045868 0.084892
0 0.418077 0.054770 0.032056 0.108197
0 0.784113 0.494083 0.027620 0.135288
0 0.680882 0.577049 0.036876 0.079766
0 0.647134 0.469912 0.041773 0.070406
0 0.700283 0.615898 0.037575 0.091868
0 0.643883 0.551307 0.041754 0.083606
0 0.606986 0.640547 0.043497 0.088521
0 0.654125 0.496726 0.036653 0.043930
0 0.702823 0.597342 0.035108 0.051149
0 0.623878 0.593834 0.040859 0.064404
0 0.617901 0.620220 0.047542 0.112864
0 0.660570 0.559610 0.064008 0.089796
0 0.484025 0.598165 0.035642 0.113822
0 0.610786 0.626726 0.051545 0.110436
0 0.654191 0.504374 0.033198 0.065033
0 0.478058 0.609204 0.023240 0.133370
0 0.093986 0.050884 0.027410 0.100189
0 0.073087 0.052827 0.024483 0.101479
0 0.127014 0.048621 0.022546 0.095499
0 0.643955 0.539521 0.038651 0.066313
