0 0.291185 0.807666 0.050878 0.119237
0 0.437945 0.362253 0.038704 0.111934
0 0.393050 0.641787 0.031627 0.127284
0 0.399166 0.238933 0.038116 0.103772
0 0.554525 0.423676 0.024362 0.129809
0 0.513643 0.505183 0.030379 0.117415
0 0.463474 0.234839 0.020813 0.117967
0 0.501368 0.636372 0.021574 0.132355
0 0.421109 0.480074 0.047399 0.079311
0 0.726027 0.606681 0.029374 0.131519
0 0.388659 0.810856 0.023006 0.143791
0 0.150027 0.466623 0.030126 0.112964
0 0.426727 0.556458 0.051973 0.079129
0 0.762828 0.396522 0.025468 0.108819
0 0.345824 0.359339 0.036258 0.079030
0 0.356681 0.406078 0.041490 0.063553
0 0.346417 0.463837 0.042147 0.079174
0 0.362967 0.483033 0.031666 0.050300
0 0.329498 0.580446 0.031795 0.093270
0 0.365979 0.521228 0.033218 0.060181
0 0.338920 0.521370 0.029839 0.044803
0 0.416097 0.549526 0.031514 0.068584
0 0.350359 0.455784 0.047595 0.088530
0 0.316938 0.599477 0.055233 0.122196
