0 0.622685 0.846785 0.051248 0.140192
0 0.214648 0.370533 0.039884 0.137718
0 0.531999 0.644495 0.041547 0.135248
0 0.460380 0.418450 0.043634 0.125304
0 0.601454 0.621373 0.025972 0.138824
0 0.173716 0.331171 0.039034 0.114100
0 0.595159 0.362937 0.023916 0.126934
0 0.740270 0.719461 0.028240 0.143685
0 0.363946 0.512010 0.031000 0.132499
0 0.509544 0.314515 0.032979 0.101265
0 0.339489 0.244837 0.032830 0.110018
0 0.409563 0.213381 0.028055 0.127326
0 0.505271 0.487261 0.025242 0.132027
0 0.414863 0.382191 0.051484 0.078795
0 0.312052 0.190353 0.021252 0.115709
0 0.274559 0.259688 0.041674 0.071001
0 0.285085 0.296883 0.046035 0.088518
0 0.311893 0.336692 0.043959 0.090748
0 0.381849 0.321726 0.039371 0.076764
0 0.918040 0.257735 0.027904 0.121783
0 0.354646 0.378981 0.046748 0.100335
0 0.356964 0.428391 0.041590 0.112062
0 0.356408 0.365699 0.033215 0.102159
0 0.356051 0.365002 0.047203 0.080046
0 0.619401 0.833589 0.046511 0.111760
0 0.378077 0.309256 0.030862 0.052185
0 0.358526 0.488409 0.039324 0.152207
