0 0.667825 0.694260 0.033815 0.115686
0 0.536931 0.492955 0.051014 0.083422
0 0.324042 0.745628 0.033926 0.110799
0 0.466297 0.772196 0.052266 0.123636
0 0.410433 0.726935 0.055539 0.100474
0 0.745907 0.216372 0.045609 0.103856
0 0.262879 0.699755 0.024893 0.120077
0 0.600161 0.527967 0.045010 0.087117
0 0.575890 0.583963 0.039436 0.083442
0 0.602358 0.643165 0.028948 0.131162
0 0.692864 0.623051 0.027659 0.125926
0 0.497241 0.587633 0.038370 0.079125
0 0.383912 0.608367 0.032879 0.116730
0 0.666655 0.211237 0.033492 0.089677
0 0.350000 0.615163 0.027541 0.132295
0 0.528643 0.727267 0.040612 0.129860
0 0.401672 0.512023 0.034950 0.074853
0 0.545889 0.660772 0.033548 0.087263
0 0.453551 0.650997 0.047847 0.076558
0 0.244245 0.457433 0.030135 0.087694
0 0.789643 0.044911 0.025902 0.088877
0 0.538307 0.599820 0.037496 0.050274
0 0.414883 0.716952 0.045052 0.080028
0 0.949183 0.042515 0.026275 0.084431
0 0.877446 0.035782 0.021711 0.070442
0 0.386115 0.586556 0.027922 0.073897
0 0.339588 0.602846 0.011825 0.082173
0 0.244704 0.439923 0.031038 0.120961
0 0.540785 0.673746 0.023007 0.076564
0 0.519594 0.671129 0.023104 0.063920
0 0.013831 0.066755 0.025526 0.100621
