0 0.686870 0.809404 0.044869 0.116142
0 0.616871 0.662675 0.051141 0.117364
0 0.527754 0.221752 0.043452 0.101320
0 0.674952 0.370806 0.032733 0.116963
0 0.469818 0.276374 0.036242 0.110833
0 0.701751 0.434546 0.033072 0.109359
0 0.281977 0.405144 0.033668 0.116274
0 0.480201 0.362792 0.035864 0.116661
0 0.377415 0.401155 0.027937 0.121316
0 0.351389 0.698198 0.025709 0.132235
0 0.432144 0.550817 0.032698 0.117714
0 0.614220 0.517199 0.043737 0.120547
0 0.478946 0.792491 0.031806 0.130183
0 0.465745 0.225951 0.031760 0.101924
0 0.490792 0.528509 0.028640 0.123920
0 0.559900 0.355336 0.050768 0.051277
0 0.579715 0.467995 0.034542 0.074944
0 0.541853 0.394936 0.038629 0.064256
0 0.573896 0.468911 0.033077 0.071246
0 0.557894 0.420416 0.033150 0.054572
0 0.506483 0.473663 0.031786 0.066408
0 0.559571 0.319673 0.038457 0.065054
0 0.516697 0.508338 0.037490 0.116838
0 0.555020 0.373046 0.045649 0.075568
0 0.585153 0.486498 0.046835 0.062280
0 0.535783 0.406659 0.032392 0.077782
0 0.595099 0.497290 0.028835 0.070218
0 0.569626 0.457365 0.033241 0.072821
0 0.563744 0.324221 0.046188 0.077354
0 0.558114 0.435423 0.033050 0.075130
0 0.557874 0.311353 0.035196 0.054042
0 0.490114 0.490270 0.030090 0.047200
0 0.561764 0.424709 0.038279 0.054816
0 0.571114 0.354863 0.034924 0.051158
0 0.523680 0.500795 0.024977 0.106885
0 0.607797 0.499512 0.030349 0.082017
0 0.527248 0.499939 0.024606 0.124638
0 0.583283 0.464530 0.030618 0.060657
