0 0.574460 0.397010 0.037754 0.078880
0 0.787650 0.488394 0.028636 0.090292
0 0.666946 0.825584 0.041882 0.078078
0 0.499527 0.535338 0.028385 0.087041
0 0.725637 0.430349 0.039696 0.080838
0 0.520002 0.808621 0.025161 0.079820
0 0.472269 0.599553 0.027575 0.089703
0 0.466958 0.329587 0.028176 0.078722
0 0.521616 0.460429 0.024854 0.081700
0 0.538308 0.177602 0.031908 0.068380
0 0.233298 0.532892 0.019337 0.076354
0 0.659241 0.514958 0.035702 0.087763
0 0.703935 0.576725 0.028187 0.084563
0 0.979191 0.331767 0.022983 0.082421
0 0.581444 0.290470 0.036451 0.067259
0 0.343078 0.193123 0.018038 0.076968
0 0.690009 0.450624 0.027566 0.063076
0 0.664322 0.448407 0.034764 0.061938
0 0.688781 0.506671 0.030188 0.076277
0 0.689847 0.480592 0.030064 0.126588
0 0.730485 0.564828 0.018805 0.079485
0 0.740655 0.516100 0.026616 0.062572
0 0.691050 0.405332 0.024541 0.045043
