0 0.386777 0.585848 0.065166 0.285712
0 0.742496 0.578471 0.061577 0.227796
0 0.452512 0.838306 0.071616 0.277250
0 0.504445 0.669463 0.044438 0.230854
0 0.494784 0.283177 0.054690 0.161210
0 0.597858 0.265864 0.046648 0.238103
0 0.978878 0.393476 0.041303 0.255413
0 0.110222 0.126322 0.057466 0.244183
0 0.396181 0.206296 0.045487 0.237406
0 0.665072 0.367079 0.071173 0.256651
0 0.882322 0.395746 0.062665 0.225415
0 0.547402 0.231814 0.054768 0.275106
0 0.245384 0.223630 0.048193 0.261370
0 0.196813 0.168021 0.042330 0.235948
0 0.301074 0.217766 0.048842 0.246783
0 0.355819 0.445582 0.051240 0.224743
0 0.884459 0.105509 0.039945 0.132205
0 0.502828 0.476371 0.064805 0.128199
0 0.378491 0.444710 0.050381 0.217794
0 0.538833 0.679639 0.052246 0.301391
0 0.350371 0.223110 0.039294 0.235956
0 0.616582 0.152197 0.036620 0.223172
0 0.954168 0.324669 0.061279 0.244938
0 0.988176 0.218401 0.022887 0.174500
0 0.669830 0.204826 0.059327 0.138536
0 0.698928 0.129129 0.035891 0.163933
0 0.454008 0.780945 0.064165 0.157940
0 0.704034 0.555488 0.039606 0.098183
0 0.455581 0.345022 0.049272 0.109981
0 0.863524 0.328927 0.050213 0.230521
0 0.435560 0.442065 0.050659 0.168503
0 0.895220 0.243338 0.032557 0.139325
0 0.167096 0.242943 0.046990 0.196406
0 0.585045 0.564537 0.079959 0.273757
0 0.527667 0.186212 0.037112 0.173629
0 0.017102 0.162234 0.034204 0.221854
0 0.380057 0.414182 0.048352 0.149644
