0 0.727130 0.571035 0.043758 0.147281
0 0.462602 0.762458 0.060213 0.151102
0 0.354517 0.534711 0.048442 0.132138
0 0.603235 0.520831 0.056396 0.101381
0 0.389169 0.754179 0.045038 0.138078
0 0.495490 0.244903 0.033121 0.126623
0 0.337147 0.397001 0.031397 0.146612
0 0.225336 0.725817 0.031194 0.157708
0 0.442499 0.427286 0.034027 0.136062
0 0.779546 0.492754 0.040966 0.134959
0 0.517436 0.480245 0.061602 0.079928
0 0.549012 0.531203 0.044812 0.071899
0 0.633781 0.463814 0.053646 0.119713
0 0.664882 0.329686 0.037663 0.102756
0 0.569882 0.408835 0.048241 0.073395
0 0.676746 0.513526 0.029045 0.146640
0 0.674247 0.417639 0.051064 0.101171
0 0.536187 0.651757 0.043305 0.135018
0 0.592938 0.330016 0.039815 0.102213
0 0.557016 0.605116 0.045989 0.112088
0 0.477956 0.559660 0.051063 0.089148
0 0.429817 0.653854 0.051483 0.081145
0 0.419568 0.654676 0.070918 0.082297
0 0.568368 0.421412 0.049900 0.101068
0 0.634467 0.442746 0.050621 0.075818
