0 0.664172 0.845664 0.021518 0.120057
0 0.715166 0.685392 0.041614 0.111600
0 0.672965 0.580793 0.044493 0.089158
0 0.355684 0.646918 0.022163 0.111644
0 0.588311 0.178811 0.030776 0.082990
0 0.733135 0.419650 0.029499 0.095698
0 0.620323 0.707740 0.024026 0.103171
0 0.601066 0.299982 0.032100 0.092546
0 0.193140 0.325293 0.015966 0.102156
0 0.394928 0.221847 0.024530 0.086519
0 0.552186 0.356039 0.036381 0.065439
0 0.540837 0.313260 0.023323 0.088923
0 0.620840 0.454074 0.030602 0.066443
0 0.986748 0.241665 0.020899 0.095509
0 0.649367 0.478791 0.027976 0.066630
0 0.627612 0.374261 0.025765 0.056940
0 0.612122 0.600154 0.030202 0.096222
0 0.599076 0.566501 0.047425 0.074303
0 0.566924 0.493241 0.036068 0.081580
0 0.600531 0.589855 0.050530 0.118537
0 0.581376 0.455379 0.032553 0.062333
0 0.664305 0.507150 0.028008 0.055280
0 0.635462 0.413828 0.033033 0.052287
0 0.502669 0.055585 0.025298 0.088029
0 0.643664 0.440524 0.028085 0.040063
0 0.574021 0.479735 0.047276 0.110001
