0 0.651303 0.630615 0.051934 0.108007
0 0.292048 0.580881 0.027058 0.125471
0 0.535122 0.492800 0.042040 0.091658
0 0.456620 0.353056 0.030280 0.097581
0 0.439812 0.234988 0.018223 0.108686
0 0.497886 0.243698 0.021347 0.106909
0 0.542039 0.296668 0.042606 0.070007
0 0.633892 0.257565 0.034244 0.071552
0 0.621102 0.349655 0.037798 0.061193
0 0.549110 0.374886 0.034950 0.068957
0 0.457377 0.180045 0.019030 0.107230
0 0.595937 0.388860 0.034217 0.068498
0 0.632232 0.464986 0.041118 0.095487
0 0.615929 0.292293 0.041505 0.084911
0 0.730694 0.361943 0.024589 0.092505
0 0.623034 0.408661 0.030243 0.051774
0 0.734939 0.309258 0.027822 0.066900
0 0.437199 0.408027 0.031811 0.061613
0 0.437120 0.444633 0.034177 0.135440
0 0.536825 0.430353 0.022216 0.062251
0 0.446652 0.233847 0.033410 0.114532
0 0.555565 0.431602 0.017727 0.063325
0 0.433926 0.456185 0.026791 0.120590
0 0.626288 0.457126 0.030187 0.081513
