0 0.777250 0.842272 0.039994 0.103010
0 0.738008 0.605684 0.037887 0.101752
0 0.631348 0.173761 0.029886 0.082878
0 0.639280 0.530801 0.032763 0.096990
0 0.577796 0.168310 0.025686 0.074398
0 0.628366 0.630426 0.023655 0.104878
0 0.622203 0.464483 0.042150 0.073462
0 0.530627 0.438351 0.026562 0.098044
0 0.338166 0.312406 0.022308 0.090676
0 0.784748 0.391540 0.038713 0.098281
0 0.234783 0.547472 0.019665 0.101274
0 0.698517 0.506736 0.032731 0.068752
0 0.611054 0.368064 0.038875 0.062493
0 0.628382 0.409597 0.031704 0.049182
0 0.618452 0.306020 0.028330 0.077212
0 0.679706 0.342806 0.029208 0.053777
0 0.681998 0.375811 0.033222 0.053089
0 0.660673 0.410719 0.023099 0.060898
0 0.576606 0.037890 0.021009 0.073582
0 0.681254 0.351716 0.032644 0.071691
0 0.683760 0.433298 0.023115 0.048933
0 0.621407 0.413196 0.038888 0.069519
0 0.612300 0.306251 0.040487 0.078910
