0 0.473088 0.794597 0.030082 0.113916
0 0.488873 0.137659 0.033640 0.083230
0 0.446713 0.302030 0.034690 0.088948
0 0.230572 0.799519 0.026745 0.129242
0 0.352626 0.832727 0.023799 0.115085
0 0.384776 0.614848 0.026445 0.113323
0 0.573921 0.343256 0.023594 0.095069
0 0.281646 0.783938 0.039754 0.102359
0 0.680715 0.193470 0.022950 0.084697
0 0.482259 0.488036 0.016630 0.100119
0 0.687022 0.444523 0.018996 0.090671
0 0.028734 0.322491 0.018523 0.102487
0 0.335027 0.575090 0.037407 0.082165
0 0.416492 0.561441 0.025871 0.099443
0 0.272308 0.483259 0.025323 0.115933
0 0.442049 0.482331 0.041087 0.062679
0 0.456429 0.410272 0.016096 0.093579
0 0.293414 0.453818 0.025126 0.091162
0 0.379180 0.432930 0.030162 0.043195
0 0.375358 0.467878 0.032099 0.044256
0 0.351852 0.541412 0.029264 0.063323
0 0.379332 0.507474 0.025030 0.054494
0 0.564306 0.043121 0.022559 0.083884
0 0.352599 0.784187 0.025170 0.046323
