0 0.400895 0.235070 0.043427 0.100283
0 0.765423 0.703272 0.042211 0.127810
0 0.490574 0.556964 0.041644 0.115360
0 0.415784 0.677834 0.024751 0.128819
0 0.542593 0.467708 0.025987 0.119676
0 0.210532 0.499909 0.036841 0.118234
0 0.185200 0.466350 0.037344 0.102855
0 0.430144 0.414312 0.036526 0.111248
0 0.498718 0.786485 0.027392 0.138452
0 0.472905 0.245051 0.027192 0.109810
0 0.288893 0.667859 0.055778 0.114402
0 0.354432 0.647097 0.034760 0.113310
0 0.243519 0.690720 0.053404 0.116783
0 0.684698 0.387966 0.029732 0.103931
0 0.380811 0.584927 0.052710 0.082154
0 0.401920 0.512665 0.038946 0.080844
0 0.260677 0.610418 0.034893 0.087558
0 0.345343 0.447342 0.038421 0.055784
0 0.485903 0.067066 0.030023 0.098687
0 0.334937 0.488621 0.034383 0.048838
0 0.322553 0.560228 0.050255 0.074996
0 0.297101 0.597255 0.036136 0.095292
0 0.878200 0.049824 0.023112 0.097876
0 0.337733 0.512773 0.035581 0.048956
0 0.751664 0.051694 0.023075 0.100540
0 0.848762 0.058655 0.029272 0.106274
0 0.785161 0.067651 0.029290 0.089682
0 0.355664 0.620342 0.029067 0.057682
