0 0.354949 0.719984 0.052110 0.140257
0 0.817134 0.354212 0.031700 0.121139
0 0.164734 0.569726 0.046863 0.141666
0 0.385569 0.538285 0.054337 0.089216
0 0.499578 0.279238 0.033471 0.130627
0 0.310164 0.705350 0.048166 0.142243
0 0.288194 0.369957 0.036143 0.112923
0 0.587101 0.621358 0.034112 0.136440
0 0.203313 0.531137 0.038789 0.128876
0 0.769769 0.617903 0.032042 0.135504
0 0.255638 0.445383 0.038465 0.130632
0 0.452509 0.747240 0.030823 0.144928
0 0.375340 0.457443 0.033684 0.082419
0 0.407804 0.631988 0.046992 0.079529
0 0.285195 0.482620 0.050298 0.095112
0 0.306803 0.530757 0.046211 0.075737
0 0.425900 0.693443 0.037746 0.119880
0 0.349638 0.396877 0.032609 0.120654
0 0.321186 0.578291 0.054715 0.101186
0 0.256360 0.412912 0.037390 0.063538
0 0.371515 0.400258 0.021402 0.078102
0 0.314738 0.649782 0.037741 0.086144
0 0.374500 0.445097 0.029775 0.109370
0 0.310278 0.582412 0.034367 0.088322
0 0.331301 0.577886 0.061858 0.105520
0 0.438303 0.729572 0.058643 0.179087
0 0.451849 0.711823 0.029733 0.077616
0 0.417826 0.649085 0.025308 0.054916
