0 0.513258 0.635494 0.036226 0.133840
0 0.473556 0.627968 0.037033 0.123415
0 0.585888 0.481740 0.040560 0.117558
0 0.194129 0.792884 0.038713 0.159664
0 0.442813 0.454933 0.063104 0.078359
0 0.315143 0.761300 0.029635 0.138165
0 0.354091 0.674989 0.037663 0.127763
0 0.272029 0.553386 0.045819 0.097328
0 0.394895 0.625749 0.031076 0.093366
0 0.403315 0.695079 0.031349 0.127912
0 0.316314 0.669358 0.028472 0.069699
0 0.359863 0.493407 0.032394 0.076105
0 0.173740 0.213654 0.025924 0.112824
0 0.372572 0.764168 0.039172 0.119762
0 0.452003 0.457326 0.046314 0.073816
0 0.389611 0.491000 0.053864 0.080833
0 0.303642 0.473401 0.034545 0.077769
0 0.407302 0.475610 0.025316 0.056323
0 0.292842 0.519463 0.025861 0.099502
0 0.300920 0.511998 0.030109 0.116538
0 0.427419 0.455977 0.037760 0.080148
0 0.384175 0.503588 0.045230 0.056564
0 0.363598 0.607184 0.022564 0.051653
0 0.364191 0.728838 0.023240 0.092725
0 0.335362 0.649386 0.025211 0.077887
0 0.317621 0.687297 0.032326 0.116465
0 0.359859 0.688798 0.029056 0.151940
0 0.422565 0.455016 0.026447 0.077493
0 0.286369 0.539579 0.024099 0.070191
0 0.354264 0.692786 0.042231 0.158419
