0 0.495244 0.655355 0.021159 0.083546
0 0.426163 0.643641 0.029978 0.070393
0 0.390915 0.582343 0.033253 0.065376
0 0.551964 0.453942 0.026947 0.067424
0 0.911888 0.365452 0.020481 0.067588
0 0.403944 0.625884 0.020912 0.070791
0 0.212056 0.462755 0.024599 0.083038
0 0.030585 0.343400 0.022112 0.079503
0 0.295330 0.483306 0.025084 0.062493
0 0.331026 0.255408 0.015280 0.065944
0 0.229105 0.406451 0.017806 0.086008
0 0.152125 0.280295 0.022514 0.075524
0 0.287211 0.422608 0.018473 0.065476
0 0.453151 0.288232 0.018987 0.065048
0 0.753679 0.100714 0.015239 0.062255
0 0.928609 0.323709 0.023185 0.063820
0 0.098990 0.435261 0.022371 0.045865
0 0.085660 0.370913 0.017839 0.084025
0 0.069695 0.385499 0.015906 0.061801
