0 0.651319 0.629833 0.052106 0.106658
0 0.315881 0.584337 0.028871 0.117917
0 0.427998 0.235360 0.026912 0.103682
0 0.464955 0.170288 0.021933 0.095464
0 0.537589 0.494231 0.041305 0.084010
0 0.621230 0.347350 0.038443 0.063307
0 0.458858 0.346915 0.031895 0.083862
0 0.634450 0.255865 0.034548 0.075199
0 0.540362 0.238276 0.031652 0.079852
0 0.453535 0.437117 0.028710 0.103991
0 0.565324 0.374298 0.034469 0.083078
0 0.731808 0.366625 0.032909 0.107698
0 0.597525 0.383137 0.029880 0.079585
0 0.615377 0.291593 0.041131 0.081973
0 0.554815 0.303993 0.038319 0.075358
0 0.544025 0.431342 0.034861 0.063784
0 0.596608 0.371750 0.030036 0.056011
0 0.623346 0.404160 0.029278 0.057314
0 0.613369 0.279889 0.037489 0.061409
0 0.545983 0.300194 0.024052 0.077623
0 0.628040 0.449658 0.027715 0.067339
0 0.733587 0.305395 0.027650 0.061651
0 0.623378 0.447101 0.027460 0.079523
0 0.459257 0.398259 0.020718 0.032997
0 0.633587 0.462968 0.038794 0.095389
0 0.640334 0.628753 0.031260 0.104961
