0 0.636445 0.841829 0.043644 0.110275
0 0.298679 0.455676 0.028797 0.111820
0 0.447948 0.384342 0.033916 0.094522
0 0.540061 0.836316 0.034395 0.108678
0 0.473796 0.457985 0.034012 0.103686
0 0.532882 0.235664 0.027472 0.094700
0 0.330299 0.266879 0.024775 0.104296
0 0.607259 0.267018 0.042403 0.082628
0 0.641054 0.240029 0.043610 0.085806
0 0.403036 0.200622 0.020467 0.099225
0 0.714027 0.437307 0.034663 0.079558
0 0.721836 0.361826 0.014777 0.095230
0 0.790453 0.387900 0.030289 0.099266
0 0.624219 0.361104 0.031079 0.056157
0 0.549822 0.483974 0.046788 0.082861
0 0.550713 0.314272 0.033893 0.064140
0 0.599187 0.393427 0.036605 0.067787
0 0.628248 0.438222 0.032255 0.112055
0 0.546969 0.374372 0.043555 0.079450
0 0.618674 0.319235 0.041883 0.045881
0 0.563331 0.425861 0.039710 0.053957
0 0.552349 0.427011 0.037273 0.056643
0 0.554857 0.369707 0.027799 0.073405
0 0.559470 0.477114 0.029118 0.089878
0 0.608061 0.333048 0.184650 0.217010
