0 0.485074 0.623478 0.036900 0.092044
0 0.219059 0.666821 0.035820 0.091132
0 0.353790 0.711959 0.023733 0.088180
0 0.598961 0.571271 0.021406 0.106819
0 0.500776 0.802514 0.023943 0.108094
0 0.757344 0.338520 0.027771 0.090432
0 0.564584 0.746212 0.020798 0.106919
0 0.509061 0.584956 0.023353 0.085432
0 0.267801 0.380359 0.026833 0.087802
0 0.126481 0.752691 0.034807 0.091984
0 0.434158 0.447558 0.019046 0.090485
0 0.874155 0.494941 0.021892 0.097435
0 0.540823 0.179621 0.029508 0.074103
0 0.583291 0.294437 0.021638 0.080631
0 0.947581 0.309633 0.029118 0.091718
0 0.896915 0.443322 0.022366 0.103640
0 0.606814 0.845597 0.023994 0.093604
0 0.733045 0.308395 0.019721 0.102732
0 0.633428 0.661356 0.026480 0.096542
0 0.694329 0.383858 0.035042 0.101380
0 0.643076 0.230434 0.021567 0.088052
0 0.217860 0.356273 0.021422 0.090404
0 0.949340 0.134107 0.018333 0.077230
0 0.064341 0.061263 0.015412 0.072800
0 0.043995 0.095010 0.016956 0.076850
0 0.965467 0.354052 0.017710 0.063206
