0 0.567531 0.630010 0.048883 0.108472
0 0.372810 0.378095 0.036595 0.092671
0 0.580425 0.534783 0.022877 0.104948
0 0.341980 0.554864 0.022981 0.119460
0 0.502017 0.335391 0.024405 0.088752
0 0.312968 0.547370 0.022415 0.115027
0 0.221463 0.190348 0.037288 0.094097
0 0.697847 0.849050 0.026414 0.122364
0 0.304891 0.179180 0.017540 0.100506
0 0.298079 0.309563 0.037843 0.093931
0 0.067901 0.828612 0.021801 0.121994
0 0.372760 0.273846 0.019424 0.098062
0 0.528620 0.476077 0.022332 0.093701
0 0.738211 0.399778 0.017478 0.100836
0 0.538623 0.549991 0.034778 0.069968
0 0.413100 0.484234 0.044645 0.074927
0 0.448541 0.417539 0.030043 0.083118
0 0.434576 0.519275 0.035394 0.073534
0 0.469193 0.615135 0.033074 0.083643
0 0.476450 0.475591 0.032095 0.059231
0 0.959420 0.339217 0.023045 0.090933
0 0.459891 0.567504 0.031252 0.061951
0 0.482042 0.569735 0.018440 0.036164
0 0.463791 0.528350 0.028226 0.063488
0 0.207116 0.060458 0.022351 0.086578
0 0.953925 0.176636 0.020678 0.087655
0 0.478913 0.602907 0.023787 0.098401
