0 0.463507 0.411579 0.025116 0.088236
0 0.471734 0.294878 0.019649 0.093532
0 0.693051 0.359700 0.022647 0.100337
0 0.488920 0.526820 0.023083 0.102451
0 0.379140 0.606362 0.037050 0.118640
0 0.715619 0.590917 0.019802 0.105223
0 0.248678 0.307602 0.036848 0.079074
0 0.468357 0.818399 0.025559 0.109396
0 0.307954 0.160053 0.016675 0.087511
0 0.349221 0.494478 0.038271 0.068472
0 0.281896 0.406345 0.042462 0.085631
0 0.338305 0.412080 0.024655 0.086756
0 0.290337 0.503523 0.029440 0.048686
0 0.278421 0.465136 0.039881 0.073244
0 0.370135 0.546324 0.043436 0.059938
0 0.289347 0.591429 0.034092 0.088226
0 0.227169 0.170421 0.034133 0.076991
0 0.149697 0.555568 0.025977 0.090307
0 0.318277 0.540901 0.035726 0.069593
0 0.183666 0.528635 0.018073 0.102365
0 0.296091 0.544478 0.029113 0.042025
0 0.309815 0.540760 0.052323 0.069891
0 0.342418 0.495257 0.022877 0.066343
0 0.375474 0.586092 0.035480 0.081179
0 0.373281 0.593078 0.047165 0.142223
