0 0.778164 0.484628 0.027475 0.100196
0 0.334026 0.628695 0.045691 0.094148
0 0.467780 0.431303 0.026515 0.091188
0 0.318306 0.180213 0.035678 0.087229
0 0.369785 0.186309 0.027371 0.079429
0 0.444816 0.369727 0.028264 0.082750
0 0.220860 0.423300 0.025072 0.092853
0 0.403171 0.640079 0.025997 0.090427
0 0.314991 0.365637 0.030149 0.056484
0 0.387129 0.359812 0.048561 0.063242
0 0.399286 0.549486 0.040675 0.059497
0 0.290563 0.335006 0.028999 0.087003
0 0.318673 0.411574 0.029425 0.064513
0 0.341173 0.438543 0.030322 0.064231
0 0.213926 0.382073 0.027898 0.056429
0 0.370972 0.295323 0.022664 0.092269
0 0.392560 0.428006 0.039528 0.062438
0 0.318851 0.499058 0.029168 0.065912
0 0.387141 0.485194 0.031328 0.059902
0 0.344890 0.045617 0.019919 0.084097
0 0.326252 0.495834 0.029786 0.068386
0 0.402767 0.428415 0.022774 0.068335
0 0.370966 0.317429 0.020054 0.087403
