0 0.237539 0.773419 0.050260 0.125066
0 0.393166 0.222585 0.040812 0.084743
0 0.224573 0.600265 0.040344 0.109935
0 0.336901 0.434125 0.036207 0.095864
0 0.314269 0.744230 0.034975 0.124498
0 0.341747 0.659024 0.042455 0.075825
0 0.146065 0.662796 0.022035 0.121504
0 0.444691 0.634716 0.023938 0.121547
0 0.565968 0.259522 0.016521 0.103361
0 0.672936 0.693998 0.022898 0.121387
0 0.525726 0.838764 0.026542 0.117208
0 0.516436 0.481062 0.020763 0.106242
0 0.815697 0.521064 0.027456 0.112644
0 0.346882 0.350290 0.037179 0.096274
0 0.370738 0.585052 0.035934 0.092079
0 0.591402 0.383544 0.017644 0.103254
0 0.379258 0.521533 0.044279 0.072767
0 0.300797 0.624967 0.034538 0.086516
0 0.258776 0.694648 0.033787 0.086887
0 0.276246 0.658839 0.033682 0.081170
0 0.300345 0.548525 0.032305 0.069238
0 0.295981 0.579952 0.032673 0.049187
0 0.272956 0.667722 0.032049 0.090098
0 0.372605 0.518728 0.030016 0.067615
0 0.473961 0.091120 0.019085 0.094444
0 0.375605 0.573681 0.028087 0.083598
0 0.215607 0.599769 0.022364 0.107688
0 0.264949 0.679978 0.047358 0.112056
