0 0.879408 0.623983 0.048913 0.181885
0 0.754136 0.540777 0.058303 0.119739
0 0.292988 0.659503 0.072850 0.098181
0 0.150420 0.416098 0.028846 0.170630
0 0.532561 0.414629 0.045039 0.131565
0 0.476719 0.601533 0.048525 0.125334
0 0.425849 0.351224 0.054262 0.115976
0 0.428474 0.580885 0.055197 0.127311
0 0.070033 0.417850 0.024106 0.161360
0 0.375705 0.444085 0.058217 0.092733
0 0.377758 0.364114 0.025064 0.097942
0 0.435386 0.524601 0.056832 0.081893
0 0.476149 0.442787 0.072526 0.131721
0 0.436940 0.460479 0.071696 0.078281
0 0.344364 0.517823 0.084206 0.087745
0 0.339084 0.554204 0.044686 0.090080
0 0.314802 0.582007 0.072340 0.111959
0 0.433590 0.343509 0.039351 0.101144
0 0.331234 0.515688 0.061675 0.082935
0 0.427881 0.552771 0.050660 0.068760
0 0.415707 0.363686 0.034157 0.087587
0 0.417422 0.563821 0.037293 0.102551
0 0.358781 0.500937 0.051799 0.075008
0 0.882587 0.612996 0.041308 0.145108
0 0.333431 0.550552 0.057839 0.100583
0 0.497565 0.426111 0.034220 0.094427
0 0.383618 0.363982 0.037120 0.097962
0 0.455939 0.464142 0.050762 0.083848
0 0.351008 0.547919 0.066034 0.104930
0 0.425453 0.461804 0.050003 0.075013
0 0.432834 0.594544 0.058815 0.099683
0 0.430290 0.366503 0.042132 0.101662
0 0.432704 0.565909 0.059588 0.115819
0 0.383048 0.439821 0.040599 0.094602
0 0.483980 0.422007 0.056647 0.090023
