0 0.225633 0.790942 0.058192 0.109071
0 0.335742 0.165731 0.039908 0.091867
0 0.309671 0.396014 0.041474 0.098675
0 0.298562 0.802641 0.036816 0.099856
0 0.157446 0.539610 0.035609 0.113964
0 0.463862 0.605907 0.025576 0.115391
0 0.299498 0.314218 0.031568 0.100575
0 0.128534 0.611486 0.037202 0.112778
0 0.392224 0.396641 0.027334 0.096841
0 0.325631 0.681858 0.046636 0.100189
0 0.364163 0.467728 0.038270 0.071692
0 0.352305 0.546152 0.051465 0.071727
0 0.415347 0.176399 0.030026 0.093592
0 0.247612 0.636044 0.044524 0.089728
0 0.349550 0.631938 0.049591 0.095893
0 0.285306 0.483621 0.035936 0.059802
0 0.416235 0.313323 0.024597 0.102077
0 0.388781 0.499449 0.029995 0.105366
0 0.893509 0.518721 0.027353 0.102967
0 0.270005 0.599370 0.037483 0.074345
0 0.285677 0.517937 0.038124 0.049861
0 0.294736 0.573065 0.043482 0.080453
0 0.276519 0.595983 0.036687 0.074497
0 0.402020 0.044773 0.024254 0.088708
