0 0.649569 0.663671 0.047573 0.113415
0 0.728117 0.301327 0.039510 0.101549
0 0.588763 0.726721 0.040697 0.127264
0 0.502362 0.607841 0.025264 0.121188
0 0.600455 0.387314 0.024187 0.103069
0 0.490720 0.247922 0.018257 0.098817
0 0.722938 0.680040 0.040859 0.086752
0 0.833000 0.548684 0.027552 0.119235
0 0.128666 0.564633 0.028168 0.111267
0 0.651780 0.445980 0.032605 0.087133
0 0.644330 0.518001 0.042839 0.073118
0 0.396919 0.340889 0.020919 0.099340
0 0.858458 0.451669 0.027052 0.069976
0 0.839649 0.480866 0.032880 0.081287
0 0.534640 0.469119 0.025589 0.094494
0 0.708065 0.449213 0.036114 0.062926
0 0.727529 0.617468 0.028770 0.071550
0 0.653082 0.604730 0.039216 0.054997
0 0.722807 0.613000 0.034428 0.078605
0 0.704182 0.557801 0.039078 0.073244
0 0.718540 0.511716 0.040292 0.060027
0 0.729379 0.479206 0.035944 0.081457
0 0.723231 0.517375 0.034831 0.072175
