0 0.613749 0.841374 0.035231 0.135680
0 0.293385 0.737212 0.053693 0.122481
0 0.345537 0.688021 0.057857 0.112984
0 0.329199 0.216653 0.024392 0.117157
0 0.245912 0.226692 0.046473 0.104615
0 0.437472 0.702943 0.045280 0.114629
0 0.637411 0.332409 0.024150 0.117787
0 0.445196 0.531973 0.036346 0.117614
0 0.842637 0.559882 0.025610 0.133600
0 0.175593 0.594522 0.033616 0.117268
0 0.407966 0.634318 0.044934 0.067214
0 0.281355 0.436620 0.046103 0.074563
0 0.368407 0.413227 0.045309 0.083617
0 0.306769 0.635074 0.044102 0.121757
0 0.396746 0.569293 0.043100 0.078654
0 0.178632 0.510660 0.024528 0.105611
0 0.300488 0.491062 0.038349 0.081861
0 0.391734 0.506523 0.041988 0.064867
0 0.330025 0.529153 0.046431 0.082236
0 0.313326 0.557905 0.039419 0.046224
0 0.260163 0.049861 0.025860 0.098681
0 0.407928 0.451721 0.036833 0.097654
0 0.308002 0.610587 0.042052 0.094391
0 0.301369 0.730149 0.036596 0.101246
0 0.404319 0.506676 0.023313 0.070236
0 0.445673 0.707317 0.029352 0.107054
0 0.410792 0.453985 0.024118 0.096081
0 0.313983 0.571347 0.039573 0.071318
