0 0.492486 0.757046 0.026895 0.131493
0 0.566036 0.758787 0.050245 0.121590
0 0.397382 0.531019 0.029761 0.121477
0 0.732124 0.704895 0.038716 0.113307
0 0.686029 0.253324 0.036891 0.092364
0 0.508597 0.666321 0.046744 0.085182
0 0.720052 0.610777 0.023651 0.100213
0 0.405689 0.701352 0.024790 0.115224
0 0.596021 0.740835 0.038474 0.115200
0 0.452137 0.609042 0.028947 0.112172
0 0.459110 0.754373 0.021237 0.123793
0 0.696426 0.549764 0.026758 0.108668
0 0.209016 0.389752 0.026088 0.110200
0 0.626843 0.547042 0.038692 0.073202
0 0.535927 0.608992 0.038848 0.084099
0 0.627909 0.245811 0.023182 0.089338
0 0.611547 0.597690 0.043751 0.083416
0 0.550295 0.553284 0.038413 0.072390
0 0.567369 0.481378 0.044043 0.095354
0 0.581636 0.614968 0.037575 0.056762
0 0.585625 0.677143 0.038479 0.080318
0 0.575854 0.480167 0.026687 0.096363
0 0.704942 0.050038 0.024568 0.099300
0 0.586231 0.662868 0.039720 0.067342
0 0.569269 0.649122 0.018620 0.053172
0 0.536163 0.623149 0.035310 0.106485
0 0.619977 0.595895 0.048931 0.081491
