0 0.873941 0.473223 0.019983 0.087022
0 0.392861 0.708267 0.025592 0.078173
0 0.337029 0.640818 0.037730 0.094903
0 0.574583 0.784517 0.019746 0.098954
0 0.817549 0.391720 0.033906 0.091163
0 0.724786 0.252441 0.018058 0.070390
0 0.628742 0.420711 0.024285 0.049883
0 0.566592 0.433861 0.018178 0.064360
0 0.762990 0.532924 0.029952 0.045003
0 0.119514 0.260761 0.013975 0.078649
0 0.781356 0.470822 0.031463 0.074491
0 0.657624 0.240458 0.016339 0.058945
0 0.103947 0.187675 0.015935 0.061643
0 0.760060 0.459703 0.018031 0.059344
0 0.789538 0.374428 0.018598 0.056678
0 0.635943 0.216097 0.026812 0.059024
0 0.330652 0.640521 0.025410 0.095045
