0 0.366620 0.215187 0.033671 0.108563
0 0.182396 0.622393 0.037115 0.114339
0 0.803196 0.613409 0.028417 0.118674
0 0.331613 0.345793 0.038519 0.108354
0 0.730670 0.733274 0.026008 0.127930
0 0.616037 0.552037 0.025138 0.127457
0 0.481453 0.586937 0.044951 0.065618
0 0.490987 0.465716 0.025879 0.127196
0 0.743701 0.448179 0.024381 0.129890
0 0.560974 0.372255 0.023012 0.104004
0 0.263937 0.237132 0.030009 0.106366
0 0.437727 0.745363 0.037928 0.111562
0 0.386298 0.518674 0.040788 0.089676
0 0.475504 0.519745 0.034741 0.082291
0 0.504866 0.632636 0.042265 0.086381
0 0.530132 0.695632 0.031512 0.119892
0 0.401496 0.576853 0.036191 0.125037
0 0.235841 0.063763 0.023729 0.107216
0 0.458072 0.709563 0.030230 0.083695
0 0.432955 0.655663 0.042822 0.069120
0 0.434476 0.582579 0.031299 0.063244
0 0.531862 0.682068 0.027973 0.092082
0 0.431670 0.598050 0.040463 0.084863
0 0.179989 0.040013 0.024511 0.079934
0 0.494261 0.631324 0.021065 0.075872
0 0.420620 0.606901 0.030703 0.098990
0 0.445695 0.735676 0.053350 0.131775
0 0.428570 0.640569 0.043159 0.092367
