0 0.742405 0.745868 0.075806 0.168190
0 0.768305 0.518778 0.050473 0.157663
0 0.449126 0.358486 0.065024 0.111617
0 0.819178 0.620154 0.049837 0.164820
0 0.630946 0.647007 0.071135 0.112977
0 0.691910 0.367986 0.047398 0.145545
0 0.178835 0.585472 0.051416 0.154635
0 0.409980 0.265632 0.037642 0.149485
0 0.337084 0.558187 0.060594 0.122353
0 0.540273 0.696875 0.067868 0.124609
0 0.521496 0.624806 0.061805 0.095510
0 0.601601 0.547425 0.057549 0.096296
0 0.438495 0.497506 0.037768 0.176567
0 0.579647 0.487322 0.054530 0.083670
0 0.533497 0.475393 0.053518 0.114566
0 0.506340 0.541090 0.035190 0.139635
0 0.494617 0.430739 0.051250 0.074290
0 0.393082 0.429186 0.069123 0.092604
0 0.473409 0.551735 0.045776 0.139843
0 0.368803 0.389495 0.055419 0.094768
0 0.413164 0.470656 0.043617 0.084867
0 0.472976 0.478074 0.043944 0.041198
0 0.424843 0.472241 0.061411 0.089552
0 0.992615 0.229109 0.013987 0.156700
0 0.988745 0.228447 0.021840 0.159172
0 0.507943 0.523995 0.033037 0.104268
