0 0.079336 0.750654 0.027869 0.078191
0 0.114709 0.752089 0.020874 0.084858
0 0.150618 0.597562 0.025387 0.067719
0 0.021452 0.724292 0.022220 0.084069
0 0.314671 0.508249 0.016130 0.071736
0 0.900982 0.728733 0.026555 0.076176
0 0.190868 0.675111 0.021219 0.069488
0 0.235894 0.587378 0.014582 0.059669
0 0.420345 0.603134 0.014956 0.062671
0 0.669012 0.747459 0.022540 0.077669
0 0.267906 0.693578 0.017486 0.080362
0 0.415771 0.545209 0.017933 0.069709
0 0.020100 0.656119 0.019354 0.071911
0 0.804982 0.520431 0.018051 0.060688
