0 0.542485 0.572437 0.030552 0.157062
0 0.438305 0.377530 0.038064 0.108102
0 0.445792 0.648511 0.035208 0.126766
0 0.412537 0.634260 0.036288 0.111272
0 0.692664 0.329236 0.054060 0.099401
0 0.729881 0.486584 0.043316 0.141677
0 0.026672 0.406922 0.028788 0.108035
0 0.616417 0.275599 0.028738 0.097615
0 0.626452 0.447517 0.052733 0.097244
0 0.557783 0.513349 0.041232 0.089533
0 0.596969 0.484471 0.049422 0.093802
0 0.626439 0.388581 0.033751 0.092331
0 0.035993 0.328744 0.023749 0.118037
0 0.566482 0.469024 0.029060 0.069462
0 0.702602 0.299997 0.026361 0.091872
0 0.560702 0.409326 0.038721 0.092003
0 0.587426 0.422808 0.028202 0.061122
0 0.262879 0.074451 0.020972 0.117725
0 0.221458 0.263849 0.020725 0.112236
0 0.651872 0.322325 0.026924 0.061703
0 0.719438 0.473928 0.022804 0.113845
0 0.659602 0.305417 0.019232 0.057736
0 0.595347 0.388688 0.038796 0.072389
0 0.650809 0.330554 0.024148 0.052455
0 0.631941 0.382435 0.029092 0.104802
0 0.611616 0.389952 0.035787 0.089681
0 0.597782 0.381563 0.038853 0.052191
0 0.652113 0.314790 0.034452 0.093692
