0 0.264794 0.612744 0.050353 0.111058
0 0.218121 0.390496 0.032478 0.102629
0 0.166760 0.833974 0.039709 0.114447
0 0.485019 0.273528 0.036625 0.087264
0 0.741411 0.326461 0.027007 0.106551
0 0.251170 0.327063 0.019834 0.119586
0 0.414559 0.419701 0.047086 0.078862
0 0.387911 0.456663 0.042750 0.119065
0 0.660143 0.232203 0.028260 0.110095
0 0.276366 0.836914 0.020381 0.127337
0 0.267265 0.536346 0.037593 0.100342
0 0.615402 0.578344 0.020930 0.117168
0 0.443195 0.330571 0.044980 0.067578
0 0.478418 0.406978 0.023877 0.114372
0 0.427816 0.662378 0.019754 0.118460
0 0.324093 0.421069 0.043669 0.082509
0 0.018741 0.148403 0.027637 0.104789
0 0.377935 0.358384 0.034769 0.045514
0 0.503017 0.230819 0.039719 0.106048
0 0.358628 0.388537 0.044838 0.063820
0 0.377869 0.367626 0.035649 0.065459
0 0.405471 0.280901 0.034052 0.071472
0 0.381056 0.454745 0.028937 0.103575
0 0.377429 0.339853 0.034420 0.073373
0 0.385520 0.308436 0.027557 0.062339
