0 0.439526 0.803634 0.021830 0.085623
0 0.318520 0.447436 0.021702 0.062002
0 0.426336 0.687674 0.017385 0.080310
0 0.780214 0.493628 0.016305 0.073016
0 0.213146 0.665861 0.020311 0.080311
0 0.874719 0.554556 0.018083 0.074738
0 0.813198 0.590039 0.024268 0.070697
0 0.467898 0.456112 0.016961 0.050679
0 0.486997 0.501809 0.022834 0.044707
0 0.802518 0.416431 0.022652 0.063402
0 0.745896 0.549763 0.026131 0.075325
0 0.466064 0.452034 0.017122 0.064662
0 0.855708 0.641230 0.026266 0.079560
0 0.462339 0.518411 0.022961 0.047450
0 0.850470 0.549352 0.022017 0.072542
0 0.785517 0.425056 0.014904 0.046858
