0 0.372701 0.378492 0.036896 0.090923
0 0.344061 0.601964 0.028434 0.109492
0 0.571136 0.625425 0.020864 0.120537
0 0.299389 0.173733 0.017955 0.104550
0 0.447793 0.412633 0.031946 0.101028
0 0.540789 0.557785 0.031177 0.100573
0 0.613759 0.556209 0.023326 0.108385
0 0.221497 0.189880 0.037028 0.093391
0 0.301234 0.307808 0.034880 0.092698
0 0.507062 0.344457 0.018997 0.096411
0 0.707477 0.820439 0.024584 0.124776
0 0.386417 0.273504 0.018818 0.097160
0 0.736757 0.401272 0.026467 0.099573
0 0.076742 0.808168 0.021058 0.119529
0 0.414777 0.478419 0.046616 0.083391
0 0.434207 0.517658 0.034137 0.074845
0 0.468864 0.609486 0.032524 0.093657
0 0.337578 0.546931 0.021170 0.099292
0 0.457879 0.564247 0.030613 0.066188
0 0.486419 0.470026 0.030583 0.067216
0 0.956675 0.338396 0.025228 0.092274
0 0.482219 0.569134 0.016700 0.037123
0 0.462964 0.524032 0.024356 0.059910
0 0.206277 0.060302 0.022199 0.086723
0 0.953281 0.175312 0.021185 0.090966
0 0.479016 0.603481 0.022379 0.099129
0 0.502185 0.492990 0.022374 0.095846
0 0.428865 0.490123 0.024496 0.103323
