0 0.464027 0.747525 0.046588 0.204717
0 0.542983 0.751927 0.055190 0.201347
0 0.381638 0.501320 0.042847 0.177971
0 0.389676 0.689709 0.046072 0.181659
0 0.620215 0.767451 0.047981 0.203812
0 0.703521 0.649862 0.049333 0.193153
0 0.222893 0.769248 0.051933 0.200703
0 0.757675 0.678454 0.052258 0.200581
0 0.654235 0.515641 0.043093 0.175721
0 0.610730 0.622692 0.034964 0.152882
0 0.663860 0.735523 0.049164 0.207525
0 0.380147 0.477073 0.039111 0.127715
0 0.776888 0.615225 0.040659 0.188823
0 0.496122 0.562198 0.039582 0.083339
0 0.627176 0.063563 0.043421 0.125440
0 0.690533 0.518236 0.023209 0.077471
0 0.523153 0.501527 0.067979 0.121339
0 0.944082 0.049980 0.033455 0.099256
0 0.386272 0.666219 0.039585 0.134015
0 0.489645 0.508884 0.033784 0.081572
0 0.852895 0.045735 0.028677 0.090745
0 0.991119 0.655720 0.016975 0.181987
0 0.623333 0.726420 0.040850 0.113330
0 0.686119 0.585731 0.025490 0.091856
0 0.530143 0.510740 0.052004 0.138001
