0 0.710124 0.623186 0.037738 0.100191
0 0.838456 0.541179 0.023744 0.105748
0 0.523384 0.492897 0.027658 0.091971
0 0.517699 0.680248 0.024515 0.105469
0 0.651889 0.753394 0.039729 0.114449
0 0.532037 0.218198 0.033065 0.072770
0 0.670634 0.489004 0.047314 0.088388
0 0.382557 0.247336 0.022432 0.080926
0 0.792741 0.573734 0.025580 0.094123
0 0.483659 0.325946 0.032383 0.074020
0 0.558780 0.437676 0.028165 0.081626
0 0.722967 0.537208 0.027056 0.087317
0 0.451066 0.445537 0.026554 0.078072
0 0.781613 0.623375 0.050637 0.094019
0 0.682516 0.522875 0.036686 0.100838
0 0.073163 0.577380 0.022556 0.086019
0 0.579367 0.325825 0.026080 0.074711
0 0.751043 0.621865 0.028250 0.119873
0 0.771626 0.622374 0.033881 0.088516
0 0.701776 0.460312 0.026813 0.058350
0 0.672560 0.745736 0.022478 0.060746
0 0.669331 0.741061 0.030165 0.079638
0 0.540909 0.090961 0.025078 0.081970
0 0.789708 0.621995 0.033886 0.091989
0 0.755159 0.585453 0.019498 0.052844
0 0.677385 0.487240 0.038672 0.101516
