0 0.639533 0.313158 0.038836 0.099709
0 0.683964 0.622834 0.049369 0.117084
0 0.444869 0.703423 0.027949 0.119534
0 0.807603 0.536339 0.028937 0.115935
0 0.608939 0.664181 0.025798 0.122763
0 0.588254 0.426122 0.039427 0.106914
0 0.582823 0.348190 0.034366 0.104281
0 0.424757 0.300249 0.019018 0.111842
0 0.304550 0.571525 0.023281 0.111184
0 0.531323 0.530142 0.022151 0.114406
0 0.757474 0.464859 0.025554 0.128566
0 0.172177 0.428013 0.021292 0.109700
0 0.522889 0.438034 0.025475 0.114821
0 0.619330 0.602045 0.024583 0.114311
0 0.681286 0.353102 0.030765 0.069906
0 0.601701 0.520219 0.046966 0.075782
0 0.674909 0.404275 0.037896 0.075539
0 0.707597 0.597888 0.032837 0.102034
0 0.699302 0.583499 0.048849 0.133835
0 0.670570 0.450199 0.036245 0.068983
0 0.670061 0.513692 0.040443 0.086131
0 0.670646 0.499881 0.039700 0.061762
0 0.646112 0.490947 0.027743 0.085614
0 0.688065 0.550230 0.032869 0.070436
