0 0.757483 0.661709 0.035431 0.082285
0 0.783250 0.772862 0.032652 0.081680
0 0.379479 0.787289 0.025447 0.086798
0 0.914955 0.494306 0.022628 0.083638
0 0.372719 0.609989 0.028100 0.078704
0 0.722048 0.505021 0.029485 0.068646
0 0.737433 0.590704 0.028945 0.065344
0 0.365219 0.366540 0.026349 0.056520
0 0.162106 0.331887 0.025916 0.061380
0 0.690894 0.359457 0.025294 0.065068
0 0.145307 0.648538 0.029129 0.080258
0 0.369658 0.503080 0.027676 0.078824
0 0.651940 0.202631 0.026963 0.078299
0 0.355217 0.194502 0.023611 0.052087
0 0.663743 0.256982 0.025825 0.059329
0 0.358755 0.260211 0.019766 0.063384
0 0.677505 0.314547 0.018365 0.062545
