0 0.286041 0.327311 0.041935 0.101380
0 0.178464 0.178901 0.038310 0.097921
0 0.613346 0.679698 0.030054 0.111914
0 0.694335 0.807926 0.025385 0.115851
0 0.528133 0.716262 0.046635 0.116457
0 0.399003 0.515158 0.038139 0.078766
0 0.254321 0.166554 0.020382 0.106088
0 0.363071 0.418136 0.024275 0.098811
0 0.034086 0.849337 0.026000 0.126085
0 0.371608 0.466975 0.036540 0.085701
0 0.392820 0.295263 0.024677 0.088177
0 0.337813 0.541990 0.023479 0.108157
0 0.412151 0.374834 0.022899 0.080979
0 0.448356 0.610692 0.038808 0.117075
0 0.434424 0.528483 0.031087 0.046417
0 0.541406 0.640190 0.044408 0.067711
0 0.550964 0.647394 0.027178 0.066971
0 0.888732 0.333056 0.018361 0.089560
0 0.158042 0.049533 0.027031 0.094590
0 0.434386 0.580763 0.032052 0.082346
0 0.415688 0.416549 0.024353 0.071768
0 0.453931 0.439539 0.023737 0.071877
0 0.428757 0.448079 0.021768 0.047208
0 0.535379 0.634029 0.027147 0.056412
0 0.870066 0.192955 0.040575 0.072465
0 0.485825 0.538101 0.027669 0.064360
0 0.502740 0.558672 0.020945 0.052449
0 0.452080 0.600705 0.031460 0.093021
0 0.524942 0.564486 0.035201 0.107017
0 0.948454 0.253853 0.036587 0.082271
0 0.467983 0.516845 0.024637 0.076934
0 0.937317 0.247401 0.031989 0.081706
0 0.441048 0.587057 0.040703 0.083077
0 0.434262 0.542738 0.032630 0.074175
0 0.372986 0.455805 0.033224 0.061594
0 0.514815 0.600595 0.015253 0.040600
