0 0.383087 0.635531 0.043079 0.121897
0 0.490805 0.359038 0.025348 0.085159
0 0.455671 0.179579 0.024613 0.075773
0 0.380682 0.167571 0.030465 0.074401
0 0.755860 0.430605 0.018326 0.097805
0 0.373061 0.291432 0.035546 0.075486
0 0.266852 0.845688 0.042066 0.089669
0 0.492785 0.520868 0.028623 0.088586
0 0.235836 0.488772 0.026426 0.087330
0 0.502701 0.457887 0.028266 0.075452
0 0.209661 0.555743 0.025622 0.086917
0 0.404379 0.538817 0.045170 0.068745
0 0.371122 0.390463 0.042252 0.077114
0 0.402252 0.472870 0.028754 0.070393
0 0.329727 0.545978 0.026051 0.061003
0 0.355144 0.521911 0.034045 0.066898
0 0.335221 0.487882 0.027152 0.052975
0 0.379077 0.607438 0.035374 0.067323
0 0.404671 0.431556 0.029474 0.044769
0 0.338717 0.445507 0.028377 0.053583
0 0.310267 0.572407 0.034414 0.078825
0 0.379540 0.390070 0.025649 0.078167
0 0.399581 0.426501 0.029372 0.047975
0 0.220663 0.553850 0.048147 0.090562
0 0.322467 0.556204 0.038824 0.077880
