0 0.750038 0.238290 0.044465 0.103144
0 0.709460 0.373484 0.042994 0.105781
0 0.391698 0.759781 0.031919 0.126646
0 0.710007 0.492591 0.049530 0.084605
0 0.582451 0.719370 0.053335 0.113199
0 0.624000 0.423084 0.042614 0.092395
0 0.492188 0.641024 0.039428 0.116839
0 0.513872 0.494900 0.031800 0.117239
0 0.607204 0.548203 0.048248 0.084338
0 0.600682 0.622434 0.048261 0.082510
0 0.151372 0.494683 0.029197 0.117817
0 0.400373 0.305943 0.023001 0.103129
0 0.683193 0.751034 0.049443 0.117271
0 0.816347 0.652058 0.044013 0.106578
0 0.685850 0.198726 0.022712 0.093947
0 0.798239 0.573503 0.040157 0.114225
0 0.564021 0.396498 0.029019 0.096479
0 0.667884 0.709366 0.051037 0.093190
0 0.690153 0.542245 0.043934 0.073412
0 0.673180 0.646085 0.039449 0.064561
0 0.677584 0.600984 0.035206 0.065065
0 0.698830 0.533674 0.037003 0.058769
0 0.663222 0.563224 0.037742 0.055624
0 0.668453 0.602876 0.050738 0.069750
0 0.674550 0.627233 0.039459 0.083105
0 0.692862 0.752181 0.030848 0.114715
