0 0.311253 0.388702 0.015985 0.075536
0 0.347207 0.485787 0.015533 0.071545
0 0.212944 0.484857 0.017145 0.082411
0 0.449176 0.543873 0.017226 0.065058
0 0.399793 0.452447 0.015739 0.079117
0 0.702144 0.611462 0.019807 0.072367
0 0.209683 0.359592 0.016575 0.064738
0 0.413719 0.549738 0.016498 0.077283
0 0.531612 0.168943 0.025692 0.056322
0 0.089311 0.478883 0.016614 0.076750
0 0.240342 0.383368 0.016692 0.076021
0 0.461833 0.481337 0.015513 0.069168
0 0.111521 0.551226 0.017726 0.062690
0 0.279959 0.321223 0.016952 0.070274
0 0.526764 0.407775 0.014843 0.061280
0 0.544118 0.414603 0.014876 0.065174
0 0.256913 0.370901 0.016156 0.067504
0 0.764278 0.409773 0.018486 0.080212
0 0.256096 0.357006 0.017483 0.094598
0 0.672681 0.422727 0.020462 0.078743
