0 0.573812 0.177091 0.061784 0.233226
0 0.699978 0.488235 0.049120 0.225545
0 0.262221 0.101978 0.067105 0.202644
0 0.644651 0.716422 0.054134 0.172432
0 0.501809 0.179992 0.054344 0.225145
0 0.481983 0.078573 0.059603 0.153831
0 0.439727 0.823428 0.046462 0.224054
0 0.593895 0.766592 0.057024 0.222669
0 0.478186 0.843640 0.045427 0.228346
0 0.250062 0.784096 0.047287 0.185740
0 0.193424 0.760929 0.049190 0.192916
0 0.300265 0.765609 0.050796 0.142676
0 0.759133 0.069303 0.032636 0.137586
0 0.035905 0.742124 0.047769 0.194916
0 0.232184 0.635040 0.050287 0.169226
0 0.934109 0.797845 0.061008 0.144208
0 0.125483 0.820261 0.036183 0.198222
0 0.401902 0.792734 0.051303 0.189636
0 0.648334 0.696900 0.045967 0.128137
0 0.649036 0.829823 0.038252 0.101924
0 0.144431 0.727073 0.041933 0.127172
0 0.367566 0.771075 0.041254 0.150520
0 0.464949 0.722127 0.060849 0.087289
0 0.495354 0.631283 0.043892 0.082407
0 0.490682 0.674845 0.052500 0.073236
0 0.551823 0.808618 0.045139 0.163126
0 0.214394 0.844271 0.053358 0.161713
0 0.381814 0.805506 0.041913 0.118003
