0 0.678852 0.337650 0.042891 0.112133
0 0.564248 0.446749 0.049408 0.090376
0 0.546808 0.543013 0.060125 0.078141
0 0.716786 0.364392 0.047278 0.114007
0 0.334800 0.785542 0.034185 0.141969
0 0.215361 0.665214 0.033928 0.131140
0 0.394503 0.458626 0.029533 0.125941
0 0.655261 0.517076 0.052690 0.088611
0 0.559515 0.249600 0.032820 0.108285
0 0.501980 0.746843 0.057706 0.128705
0 0.269231 0.300728 0.030804 0.112093
0 0.768313 0.664494 0.039501 0.117971
0 0.542312 0.607968 0.055849 0.075384
0 0.616416 0.331408 0.027925 0.117124
0 0.595830 0.739538 0.047325 0.102509
0 0.514599 0.678659 0.053316 0.081701
0 0.752150 0.599646 0.040878 0.129240
0 0.712078 0.305078 0.043759 0.115476
0 0.632416 0.565551 0.047805 0.079755
0 0.604342 0.580597 0.040502 0.051322
0 0.609986 0.691126 0.039310 0.091911
0 0.591580 0.623443 0.022591 0.054371
0 0.610637 0.650946 0.039692 0.096161
0 0.608725 0.603891 0.050616 0.093840
0 0.603247 0.641422 0.046940 0.084946
0 0.705053 0.302958 0.030167 0.109396
0 0.757510 0.639898 0.021884 0.069519
0 0.704336 0.284234 0.028293 0.074689
0 0.624477 0.596585 0.039205 0.090406
0 0.752130 0.578793 0.040770 0.087113
0 0.715066 0.328262 0.047085 0.160577
0 0.611929 0.626797 0.048524 0.065521
