0 0.459781 0.801789 0.041080 0.116206
0 0.390601 0.417374 0.055812 0.072804
0 0.801975 0.360550 0.032371 0.104183
0 0.240331 0.718698 0.049997 0.117648
0 0.433968 0.549514 0.029264 0.118959
0 0.285032 0.671402 0.049221 0.105426
0 0.455915 0.454810 0.037277 0.101869
0 0.790134 0.662383 0.024819 0.119695
0 0.357256 0.707979 0.032850 0.105631
0 0.316704 0.221260 0.041492 0.093393
0 0.368458 0.570107 0.050381 0.077360
0 0.295735 0.433371 0.039928 0.067041
0 0.360304 0.653462 0.044582 0.111486
0 0.155482 0.566100 0.029348 0.107334
0 0.388593 0.231056 0.030877 0.086651
0 0.299245 0.477178 0.035001 0.065038
0 0.319735 0.516580 0.036494 0.084424
0 0.186313 0.499055 0.032053 0.109578
0 0.264677 0.607077 0.043130 0.092567
0 0.384039 0.509191 0.046380 0.071722
0 0.355125 0.641719 0.035282 0.088869
0 0.378486 0.062196 0.024138 0.102564
0 0.290402 0.568250 0.030302 0.092312
0 0.287994 0.584557 0.026912 0.064178
0 0.071446 0.039748 0.025166 0.078982
0 0.807701 0.039901 0.021390 0.079248
0 0.352530 0.630876 0.029599 0.067692
0 0.155748 0.538560 0.030080 0.050999
0 0.236310 0.038115 0.022940 0.076181
