0 0.897602 0.569031 0.055182 0.154920
0 0.479675 0.638332 0.048374 0.162855
0 0.817787 0.514313 0.038720 0.177187
0 0.265921 0.341256 0.041725 0.165372
0 0.709548 0.364533 0.047637 0.153507
0 0.157647 0.711074 0.035704 0.182618
0 0.848358 0.677643 0.045362 0.196833
0 0.638757 0.403972 0.036396 0.177190
0 0.660714 0.647672 0.042237 0.173532
0 0.739991 0.650925 0.058605 0.163744
0 0.610381 0.393556 0.039809 0.178219
0 0.612654 0.585476 0.042310 0.185779
0 0.579146 0.562962 0.041334 0.173074
0 0.772938 0.537180 0.035250 0.178097
0 0.716724 0.576296 0.043303 0.171678
0 0.749096 0.516441 0.027019 0.143769
0 0.475028 0.543812 0.026453 0.074719
0 0.725404 0.448200 0.037864 0.090480
0 0.911548 0.474606 0.032190 0.135372
0 0.734621 0.633318 0.049334 0.119948
0 0.479941 0.617076 0.047829 0.113353
0 0.710714 0.328955 0.043471 0.080893
