0 0.629152 0.838810 0.037991 0.101208
0 0.251581 0.605299 0.033373 0.096696
0 0.850979 0.514683 0.025055 0.083461
0 0.221017 0.520338 0.022628 0.094116
0 0.136175 0.533005 0.033195 0.085508
0 0.152587 0.440714 0.028205 0.082325
0 0.109094 0.530960 0.027908 0.051156
0 0.378032 0.588399 0.017039 0.088096
0 0.241612 0.509820 0.015785 0.063721
0 0.574430 0.497693 0.021775 0.058970
0 0.225916 0.509625 0.017135 0.082876
0 0.097665 0.446177 0.019223 0.069634
0 0.163308 0.495442 0.020352 0.080971
0 0.883177 0.104817 0.013231 0.054270
0 0.399570 0.417703 0.025996 0.076704
0 0.178654 0.480761 0.017974 0.079482
0 0.365044 0.557750 0.017597 0.063627
0 0.559017 0.489997 0.020644 0.059771
0 0.094789 0.481353 0.022655 0.073480
0 0.093041 0.491289 0.021904 0.052837
