0 0.236186 0.733772 0.039090 0.095260
0 0.219159 0.453737 0.028807 0.095763
0 0.370808 0.236283 0.033095 0.082150
0 0.327373 0.595008 0.027081 0.112266
0 0.423887 0.483722 0.020370 0.095453
0 0.733804 0.558570 0.019785 0.097539
0 0.404699 0.112190 0.029729 0.078119
0 0.380040 0.452066 0.031986 0.069274
0 0.641846 0.375429 0.018351 0.099282
0 0.152656 0.660508 0.020774 0.100885
0 0.351043 0.342432 0.036739 0.081346
0 0.587697 0.137280 0.018111 0.090082
0 0.386820 0.802680 0.031845 0.113875
0 0.505222 0.389473 0.019193 0.091303
0 0.281432 0.550014 0.030315 0.079839
0 0.582753 0.243404 0.022210 0.089843
0 0.356975 0.508252 0.035382 0.068075
0 0.389498 0.388232 0.034001 0.063159
0 0.303187 0.502391 0.027100 0.060240
0 0.318550 0.447870 0.028407 0.046464
0 0.307411 0.500668 0.024518 0.062563
0 0.326481 0.402502 0.026978 0.055205
0 0.331411 0.472870 0.017137 0.079892
0 0.338796 0.505220 0.016146 0.069426
0 0.327510 0.420738 0.025243 0.087613
