0 0.562317 0.531380 0.040334 0.137374
0 0.362299 0.407526 0.050171 0.097137
0 0.542719 0.690962 0.036634 0.136840
0 0.375912 0.762831 0.045617 0.141066
0 0.230636 0.287914 0.042010 0.123840
0 0.335319 0.652481 0.053467 0.132324
0 0.505818 0.423007 0.038267 0.127658
0 0.795664 0.433505 0.027383 0.139210
0 0.792819 0.752104 0.033952 0.145957
0 0.361084 0.242723 0.035014 0.127428
0 0.403032 0.710001 0.045528 0.131657
0 0.463106 0.629675 0.052542 0.103407
0 0.161756 0.314752 0.048684 0.125739
0 0.178644 0.538068 0.026397 0.143343
0 0.394128 0.511792 0.042686 0.085471
0 0.340715 0.589976 0.044861 0.060091
0 0.425454 0.559700 0.049361 0.090263
0 0.459362 0.281900 0.028466 0.124288
0 0.303769 0.502750 0.042832 0.094301
0 0.284388 0.459926 0.044899 0.069482
0 0.129368 0.044950 0.033595 0.089811
0 0.345050 0.514197 0.041993 0.055146
0 0.346278 0.580279 0.044445 0.081936
0 0.346168 0.526159 0.041723 0.079064
0 0.327350 0.551248 0.044530 0.047763
0 0.437936 0.561063 0.026390 0.089770
0 0.472448 0.629607 0.034102 0.102953
0 0.445108 0.594000 0.022862 0.065893
