0 0.458504 0.633571 0.029309 0.108464
0 0.646732 0.811103 0.032750 0.121014
0 0.404482 0.664996 0.045819 0.095916
0 0.249151 0.317859 0.038957 0.088988
0 0.348674 0.817673 0.025783 0.126420
0 0.394520 0.357664 0.029239 0.093642
0 0.446207 0.499653 0.032321 0.097173
0 0.345480 0.453748 0.049949 0.071295
0 0.331389 0.656601 0.035178 0.088761
0 0.183274 0.152023 0.040830 0.088276
0 0.735755 0.459677 0.021782 0.105891
0 0.456031 0.253152 0.021778 0.098093
0 0.376258 0.574278 0.038634 0.074542
0 0.247120 0.150259 0.029698 0.087331
0 0.356349 0.530059 0.034717 0.068610
0 0.183342 0.504462 0.032236 0.083779
0 0.198225 0.545077 0.034562 0.109061
0 0.283567 0.472904 0.038739 0.067834
0 0.308975 0.611677 0.037240 0.085448
0 0.294731 0.507177 0.032210 0.057983
0 0.303940 0.550667 0.032591 0.071845
0 0.316743 0.523337 0.027302 0.044922
0 0.306083 0.499322 0.018988 0.053181
0 0.386310 0.578697 0.016419 0.072873
0 0.195404 0.561201 0.030697 0.077421
0 0.328458 0.566547 0.021651 0.056408
