0 0.288040 0.576294 0.041718 0.087360
0 0.282614 0.708587 0.038084 0.093022
0 0.277762 0.844870 0.043602 0.091523
0 0.472596 0.663514 0.017713 0.101000
0 0.373257 0.525569 0.040976 0.066986
0 0.477517 0.381325 0.019271 0.092205
0 0.343096 0.151710 0.033342 0.080961
0 0.346544 0.844492 0.021473 0.107264
0 0.305588 0.489613 0.037645 0.068776
0 0.216405 0.456400 0.022916 0.078895
0 0.465336 0.482636 0.023803 0.093754
0 0.729970 0.476305 0.020744 0.093619
0 0.312540 0.443343 0.024236 0.032372
0 0.391834 0.156607 0.015597 0.087005
0 0.233529 0.407845 0.020179 0.091034
0 0.376947 0.440601 0.038259 0.057420
0 0.334896 0.426448 0.030352 0.056612
0 0.381984 0.385931 0.026621 0.062492
0 0.317143 0.397361 0.024294 0.049103
0 0.382743 0.069984 0.019837 0.081878
0 0.458858 0.414273 0.016212 0.058275
0 0.388256 0.337396 0.030208 0.054172
0 0.317283 0.359705 0.029550 0.047179
0 0.464671 0.462552 0.023371 0.054842
0 0.461438 0.421429 0.021327 0.074287
