0 0.732910 0.746253 0.019884 0.083466
0 0.929360 0.386899 0.027914 0.070816
0 0.704290 0.541225 0.027262 0.063460
0 0.585655 0.645264 0.039197 0.087689
0 0.671266 0.562519 0.018400 0.052154
0 0.379149 0.290089 0.023015 0.058195
0 0.506336 0.534456 0.020893 0.076812
0 0.615657 0.761992 0.031965 0.071958
0 0.459089 0.254084 0.013365 0.064708
0 0.221942 0.520693 0.023699 0.053371
0 0.473120 0.511206 0.020876 0.047041
0 0.708795 0.455854 0.032075 0.065488
0 0.854407 0.503008 0.024202 0.071944
0 0.830158 0.514843 0.020832 0.065622
0 0.763996 0.453030 0.026841 0.082510
0 0.305439 0.249997 0.017452 0.048006
0 0.364657 0.216039 0.026699 0.056071
0 0.590389 0.631635 0.026136 0.070831
0 0.753721 0.495060 0.027115 0.064974
