0 0.659931 0.449805 0.035680 0.181291
0 0.605942 0.320226 0.037649 0.160092
0 0.135776 0.419728 0.034079 0.169074
0 0.594939 0.611689 0.041131 0.175034
0 0.643428 0.577444 0.038052 0.177153
0 0.336909 0.339982 0.041743 0.170095
0 0.495126 0.324560 0.039250 0.156028
0 0.474414 0.587638 0.038342 0.167128
0 0.567952 0.554219 0.037925 0.178211
0 0.744902 0.545370 0.031933 0.192774
0 0.728790 0.516696 0.025989 0.167657
0 0.533236 0.425346 0.037270 0.105566
0 0.401718 0.421567 0.039248 0.188964
0 0.416022 0.520858 0.038079 0.211947
0 0.529544 0.546035 0.046880 0.188865
0 0.509111 0.514876 0.032926 0.164750
0 0.470640 0.385587 0.031360 0.128046
0 0.480137 0.527930 0.033790 0.173907
0 0.404717 0.395212 0.036034 0.134413
