0 0.360977 0.724990 0.051913 0.140080
0 0.772385 0.588024 0.039599 0.139326
0 0.572438 0.632052 0.036496 0.139859
0 0.315395 0.710266 0.046687 0.139018
0 0.462829 0.490316 0.034768 0.145445
0 0.404735 0.528187 0.047020 0.119257
0 0.190614 0.575818 0.055974 0.142292
0 0.165470 0.531157 0.039331 0.130687
0 0.427817 0.619208 0.034427 0.140319
0 0.261014 0.448258 0.038150 0.130262
0 0.809588 0.349925 0.030082 0.133560
0 0.476894 0.757135 0.034426 0.129298
0 0.290219 0.488181 0.050568 0.097584
0 0.309615 0.531907 0.042586 0.078570
0 0.543091 0.399374 0.024265 0.133472
0 0.453504 0.673681 0.029046 0.139046
0 0.294422 0.378859 0.037836 0.115425
0 0.361051 0.384568 0.028162 0.141451
0 0.337073 0.353621 0.035430 0.109017
0 0.323042 0.654277 0.035834 0.085472
0 0.338318 0.581690 0.061726 0.105356
0 0.317675 0.599748 0.033820 0.065532
0 0.325176 0.588052 0.043130 0.094041
0 0.350781 0.581220 0.039884 0.104141
0 0.468129 0.756053 0.050464 0.130179
0 0.767547 0.561281 0.030370 0.083049
