0 0.394536 0.660682 0.043081 0.124031
0 0.454885 0.188210 0.041565 0.106087
0 0.735626 0.571944 0.026655 0.118277
0 0.414461 0.595444 0.054866 0.085576
0 0.433745 0.518177 0.045616 0.082954
0 0.461569 0.397183 0.032593 0.100303
0 0.527373 0.190536 0.019307 0.112563
0 0.550837 0.647673 0.025293 0.122600
0 0.555710 0.395406 0.022923 0.086079
0 0.308599 0.652214 0.039213 0.101901
0 0.374477 0.398058 0.035447 0.066908
0 0.384514 0.443052 0.042645 0.056015
0 0.255238 0.433240 0.035191 0.078504
0 0.373635 0.487844 0.037758 0.046408
0 0.330422 0.595997 0.031982 0.067759
0 0.561968 0.472936 0.023980 0.086381
0 0.562877 0.461124 0.022024 0.063785
0 0.248958 0.519700 0.024587 0.077752
0 0.382429 0.522121 0.026493 0.055279
0 0.351946 0.567546 0.036031 0.075911
0 0.561056 0.548054 0.018209 0.081571
0 0.384005 0.540042 0.025009 0.079073
0 0.557935 0.519244 0.022894 0.089223
0 0.376561 0.411494 0.037755 0.091780
0 0.366009 0.526820 0.020144 0.048885
0 0.554541 0.508169 0.027096 0.061161
0 0.556969 0.473795 0.032851 0.090806
0 0.255753 0.473576 0.024610 0.098015
0 0.411051 0.584033 0.039912 0.063289
0 0.561081 0.560471 0.017353 0.063296
0 0.250929 0.512083 0.027492 0.095882
