0 0.513564 0.441295 0.042880 0.164534
0 0.850177 0.671048 0.043755 0.178638
0 0.727189 0.595670 0.059992 0.106836
0 0.418326 0.348240 0.036666 0.146595
0 0.151298 0.458173 0.024197 0.164698
0 0.458688 0.636635 0.046339 0.118089
0 0.115209 0.472313 0.021182 0.159183
0 0.460653 0.483914 0.065947 0.134516
0 0.291567 0.691051 0.068342 0.089306
0 0.350245 0.464623 0.039543 0.103185
0 0.370147 0.382003 0.035551 0.084211
0 0.393274 0.423938 0.043418 0.105720
0 0.428503 0.493273 0.049416 0.080629
0 0.302290 0.616625 0.070420 0.101550
0 0.414894 0.621878 0.054129 0.110227
0 0.408122 0.508611 0.050968 0.044890
0 0.410038 0.574446 0.057232 0.096028
0 0.316249 0.556623 0.039774 0.087159
0 0.332700 0.535986 0.029260 0.090190
0 0.424132 0.546877 0.042721 0.065112
0 0.427412 0.624569 0.053911 0.105050
0 0.320105 0.544574 0.049897 0.087330
0 0.411667 0.520614 0.057589 0.069293
0 0.317703 0.618931 0.041066 0.097267
0 0.290906 0.582120 0.023106 0.062345
0 0.400812 0.583287 0.039871 0.119898
0 0.439181 0.633404 0.072275 0.113237
0 0.380144 0.404053 0.019948 0.063859
0 0.355077 0.458870 0.032996 0.090505
