0 0.678161 0.431933 0.049774 0.166557
0 0.928765 0.480352 0.055488 0.184960
0 0.314405 0.248779 0.033161 0.168350
0 0.745137 0.628843 0.046079 0.180715
0 0.374610 0.587425 0.032706 0.175093
0 0.524454 0.644413 0.071197 0.173427
0 0.289043 0.527957 0.024175 0.177068
0 0.452319 0.670331 0.032790 0.188938
0 0.171535 0.659130 0.032432 0.180853
0 0.319816 0.442367 0.025124 0.174851
0 0.564893 0.527743 0.033408 0.171511
0 0.478414 0.362733 0.036990 0.117734
0 0.684645 0.395420 0.036010 0.089947
0 0.541934 0.476180 0.032189 0.192841
0 0.435912 0.393304 0.023767 0.143558
0 0.483939 0.527798 0.033534 0.175080
0 0.451607 0.549556 0.030200 0.116267
0 0.555962 0.521505 0.030865 0.163086
0 0.521802 0.615110 0.061858 0.119912
0 0.542717 0.505415 0.030717 0.169868
0 0.541030 0.445120 0.030108 0.132490
0 0.451781 0.533201 0.029244 0.083761
0 0.514668 0.606638 0.052594 0.102268
