0 0.482753 0.754422 0.053312 0.138867
0 0.497773 0.579522 0.056645 0.133904
0 0.440398 0.810124 0.056936 0.155518
0 0.610528 0.281927 0.033048 0.142479
0 0.579612 0.426586 0.029720 0.141967
0 0.382411 0.300869 0.038293 0.137561
0 0.222770 0.547283 0.039765 0.141526
0 0.605930 0.782721 0.023166 0.165347
0 0.217325 0.471879 0.048444 0.144078
0 0.455216 0.512054 0.063173 0.091384
0 0.628838 0.735345 0.029355 0.156235
0 0.767365 0.414019 0.029136 0.143566
0 0.487117 0.339640 0.026642 0.147143
0 0.340788 0.276309 0.028699 0.124632
0 0.423970 0.453186 0.047925 0.097121
0 0.306176 0.387762 0.052766 0.111910
0 0.364547 0.560023 0.051126 0.117068
0 0.373717 0.454581 0.045120 0.063062
0 0.334086 0.439566 0.049826 0.103865
0 0.265557 0.340516 0.059079 0.153296
0 0.279021 0.280596 0.045874 0.118748
0 0.368368 0.494748 0.049495 0.060674
0 0.257810 0.353297 0.043201 0.128440
0 0.382379 0.500640 0.028289 0.064518
0 0.487113 0.740288 0.044934 0.107939
0 0.479461 0.523884 0.024396 0.076304
