0 0.566640 0.638878 0.041449 0.101511
0 0.534515 0.719268 0.042587 0.112123
0 0.741680 0.648038 0.025686 0.117400
0 0.616088 0.595436 0.023275 0.099724
0 0.024648 0.802750 0.043294 0.124856
0 0.694956 0.799826 0.022884 0.120043
0 0.224745 0.184466 0.036106 0.106124
0 0.304586 0.559912 0.026307 0.114130
0 0.526106 0.354657 0.021078 0.103888
0 0.571001 0.839677 0.042163 0.107170
0 0.298289 0.335651 0.044790 0.095647
0 0.406458 0.518646 0.031664 0.083129
0 0.356171 0.439378 0.027093 0.098056
0 0.503534 0.552935 0.039146 0.073773
0 0.444909 0.533394 0.032300 0.039438
0 0.460664 0.618764 0.044275 0.096234
0 0.355087 0.319436 0.019270 0.098823
0 0.508469 0.462281 0.028967 0.099618
0 0.436151 0.448294 0.032435 0.068190
0 0.471704 0.480948 0.039478 0.066343
0 0.383570 0.464756 0.033829 0.074742
0 0.280682 0.177383 0.023953 0.098621
0 0.444934 0.585613 0.033978 0.070618
0 0.444687 0.570399 0.035442 0.107118
0 0.941234 0.347348 0.021889 0.090872
0 0.447043 0.543960 0.034274 0.062962
0 0.489760 0.432126 0.013795 0.034305
0 0.181104 0.056907 0.022319 0.089347
