0 0.228727 0.609445 0.036469 0.099465
0 0.913229 0.559208 0.043818 0.126286
0 0.100887 0.516993 0.046377 0.146881
0 0.858735 0.440464 0.026367 0.141096
0 0.571833 0.483199 0.049538 0.095703
0 0.653108 0.668395 0.066069 0.094526
0 0.485497 0.641002 0.038984 0.095378
0 0.521033 0.618615 0.047503 0.093272
0 0.547726 0.394830 0.058620 0.118432
0 0.447885 0.460300 0.085891 0.094419
0 0.473979 0.486438 0.058315 0.068348
0 0.523813 0.551429 0.045520 0.055083
0 0.485966 0.474959 0.050572 0.037350
0 0.470348 0.443472 0.043158 0.039087
0 0.486309 0.543203 0.034814 0.055660
0 0.593635 0.531107 0.049124 0.105248
0 0.613985 0.554375 0.045874 0.063192
0 0.553997 0.427918 0.047370 0.086875
0 0.510879 0.509316 0.036019 0.050885
0 0.466755 0.496861 0.046998 0.059528
0 0.426569 0.457482 0.043303 0.096217
0 0.524939 0.524912 0.037809 0.062078
0 0.564445 0.480341 0.040005 0.099891
0 0.539495 0.376181 0.042478 0.081630
0 0.540493 0.448485 0.032605 0.075991
0 0.494901 0.473023 0.038002 0.034480
0 0.579523 0.484282 0.035118 0.100319
0 0.538330 0.365937 0.040598 0.059522
0 0.622143 0.603829 0.038794 0.059473
0 0.485548 0.615322 0.038734 0.045559
0 0.629775 0.601971 0.043866 0.073387
0 0.568973 0.494454 0.027640 0.078796
0 0.626613 0.580407 0.057070 0.045766
0 0.526075 0.538724 0.041400 0.047882
0 0.637801 0.654732 0.047916 0.107243
0 0.511659 0.505646 0.046971 0.044728
0 0.631600 0.585284 0.047351 0.049323
0 0.593618 0.506316 0.049369 0.055092
0 0.588024 0.536130 0.037854 0.097631
