0 0.311645 0.537627 0.040288 0.080329
0 0.509198 0.837268 0.020964 0.101811
0 0.641471 0.588911 0.025301 0.087938
0 0.281894 0.644879 0.036692 0.080615
0 0.422674 0.556004 0.021479 0.084451
0 0.318924 0.158826 0.029060 0.069971
0 0.587698 0.264076 0.020111 0.077845
0 0.451421 0.329097 0.023441 0.075974
0 0.221432 0.387956 0.028968 0.082045
0 0.674863 0.418291 0.021895 0.084766
0 0.375494 0.157104 0.020358 0.071567
0 0.294305 0.444250 0.029977 0.067702
0 0.365371 0.491785 0.040341 0.053564
0 0.298399 0.345014 0.027690 0.055900
0 0.304614 0.373022 0.022068 0.045210
0 0.345910 0.361709 0.023838 0.053537
0 0.363611 0.430745 0.031921 0.057006
0 0.292365 0.256896 0.039598 0.064117
0 0.308307 0.413253 0.018968 0.051850
0 0.360001 0.343446 0.036864 0.088046
0 0.355163 0.363399 0.039152 0.058630
0 0.324569 0.399320 0.021111 0.059561
