0 0.767265 0.841522 0.039695 0.103060
0 0.729318 0.605471 0.038419 0.103072
0 0.621028 0.173783 0.030723 0.082364
0 0.526552 0.459684 0.022384 0.103477
0 0.282569 0.330015 0.027521 0.092368
0 0.626325 0.534268 0.025772 0.111837
0 0.769431 0.398110 0.025996 0.089369
0 0.246239 0.561305 0.024649 0.101657
0 0.632669 0.627553 0.020256 0.105573
0 0.613348 0.463770 0.037481 0.071039
0 0.573438 0.174045 0.024783 0.079197
0 0.604574 0.296773 0.019426 0.086056
0 0.598396 0.367684 0.030962 0.083323
0 0.609166 0.413048 0.031760 0.056264
0 0.685035 0.505322 0.028778 0.073521
0 0.752923 0.365441 0.020604 0.095332
0 0.668704 0.344230 0.029625 0.050968
0 0.666350 0.379983 0.027861 0.055803
0 0.565502 0.039056 0.023444 0.076196
0 0.664535 0.413539 0.019298 0.062708
0 0.676301 0.381641 0.028205 0.058984
0 0.687755 0.451747 0.019487 0.062019
0 0.645348 0.410719 0.018604 0.058475
0 0.695680 0.464893 0.019523 0.069166
