0 0.365257 0.505793 0.037597 0.076808
0 0.500473 0.597765 0.039902 0.093601
0 0.283566 0.528331 0.028918 0.078097
0 0.368242 0.612515 0.055994 0.089147
0 0.749240 0.444246 0.018406 0.090348
0 0.346895 0.412576 0.027515 0.064453
0 0.454506 0.560976 0.024305 0.112696
0 0.531845 0.268749 0.025518 0.078421
0 0.494039 0.480925 0.028122 0.090869
0 0.454548 0.373550 0.023735 0.082377
0 0.472712 0.607408 0.034104 0.079252
0 0.443712 0.502655 0.026788 0.072883
0 0.404067 0.596706 0.018664 0.078908
0 0.370796 0.306985 0.025432 0.077680
0 0.421678 0.335620 0.021997 0.082007
0 0.470315 0.299863 0.026651 0.070050
0 0.384174 0.262842 0.019856 0.052998
0 0.380896 0.614264 0.030045 0.084561
0 0.429583 0.285269 0.020545 0.062423
0 0.440956 0.549509 0.019382 0.089242
0 0.442681 0.516269 0.025849 0.098826
0 0.501797 0.458043 0.022217 0.073726
0 0.376370 0.296299 0.032600 0.108232
0 0.492288 0.597853 0.023223 0.090168
