0 0.544069 0.634412 0.043624 0.113792
0 0.823542 0.364048 0.034787 0.108558
0 0.502341 0.849928 0.046664 0.131110
0 0.670692 0.488186 0.031027 0.130459
0 0.653549 0.299269 0.041999 0.102789
0 0.518303 0.522879 0.021688 0.117207
0 0.180106 0.742158 0.027752 0.131376
0 0.790146 0.399481 0.020381 0.130055
0 0.555872 0.468304 0.046788 0.101780
0 0.437532 0.617607 0.023093 0.122445
0 0.509926 0.263667 0.023116 0.117017
0 0.593396 0.409853 0.031900 0.084317
0 0.613757 0.387422 0.036930 0.073136
0 0.306216 0.403265 0.021410 0.113511
0 0.533322 0.186778 0.020928 0.111193
0 0.718701 0.335230 0.047376 0.087844
0 0.691586 0.373296 0.038679 0.080543
0 0.655206 0.283397 0.039176 0.070151
0 0.684709 0.248266 0.026448 0.083263
0 0.659389 0.382837 0.033754 0.063368
0 0.654959 0.432191 0.039326 0.090230
0 0.490087 0.810592 0.049114 0.052644
0 0.563605 0.469551 0.032297 0.099295
0 0.724140 0.302840 0.037397 0.071373
0 0.003905 0.143149 0.007784 0.168528
0 0.820476 0.375486 0.033082 0.117829
0 0.807374 0.393060 0.052103 0.132592
0 0.818036 0.361008 0.027899 0.102673
