0 0.378063 0.624676 0.060647 0.217519
0 0.530562 0.264348 0.039867 0.235906
0 0.355847 0.229208 0.051226 0.276778
0 0.228162 0.326359 0.046786 0.240040
0 0.730220 0.261721 0.038554 0.219021
0 0.252943 0.261235 0.049029 0.229582
0 0.459869 0.383068 0.045141 0.257931
0 0.147360 0.298504 0.047590 0.250529
0 0.947848 0.401066 0.047064 0.248272
0 0.970966 0.287684 0.055530 0.238441
0 0.025789 0.329488 0.051579 0.128229
0 0.893798 0.385082 0.044027 0.248562
0 0.112141 0.334971 0.044838 0.244374
0 0.809128 0.385179 0.051362 0.185564
0 0.459563 0.246268 0.047106 0.089362
0 0.608611 0.167119 0.044776 0.132954
0 0.852898 0.353368 0.044674 0.243608
0 0.570613 0.304717 0.046576 0.203861
0 0.637507 0.385435 0.058479 0.215269
0 0.607390 0.300525 0.044753 0.237468
0 0.695428 0.268388 0.041165 0.180477
0 0.525553 0.532776 0.032915 0.131740
0 0.682550 0.170406 0.050217 0.122607
0 0.030873 0.102833 0.053605 0.149206
0 0.715366 0.373173 0.045862 0.168991
0 0.181915 0.070122 0.053981 0.139116
0 0.566624 0.547092 0.077699 0.286197
