0 0.850643 0.619041 0.034416 0.194928
0 0.048262 0.451165 0.043401 0.171491
0 0.729465 0.553987 0.060693 0.108543
0 0.156652 0.454096 0.050052 0.147647
0 0.510241 0.418035 0.049795 0.139461
0 0.447436 0.604362 0.044204 0.126581
0 0.259446 0.654746 0.073517 0.086355
0 0.340090 0.449028 0.061076 0.118608
0 0.387973 0.354979 0.051204 0.085905
0 0.991924 0.513544 0.015369 0.166744
0 0.284377 0.612545 0.060026 0.085098
0 0.459837 0.417236 0.052706 0.098269
0 0.278933 0.603838 0.063793 0.075472
0 0.428059 0.601869 0.082526 0.128621
0 0.298159 0.569366 0.058712 0.082187
0 0.306540 0.493732 0.043408 0.048845
0 0.363208 0.406193 0.049736 0.091215
0 0.408038 0.589503 0.053872 0.109764
0 0.296884 0.533727 0.058065 0.062819
0 0.431972 0.469453 0.065590 0.098136
0 0.374944 0.371269 0.043330 0.071169
0 0.409958 0.515596 0.048762 0.061156
0 0.306375 0.516405 0.046949 0.093929
0 0.282112 0.631724 0.041614 0.080333
0 0.329712 0.515131 0.023966 0.085272
0 0.385376 0.471587 0.041263 0.050074
0 0.377283 0.383796 0.032000 0.081963
0 0.326281 0.470646 0.033924 0.086610
0 0.266878 0.645555 0.047152 0.084005
0 0.379174 0.513590 0.034207 0.056626
0 0.725845 0.542213 0.054647 0.084029
0 0.260485 0.588196 0.027375 0.048387
0 0.417852 0.446201 0.052969 0.048725
0 0.420444 0.467410 0.058344 0.091626
0 0.296358 0.593096 0.044858 0.107350
0 0.371623 0.364583 0.040785 0.055926
0 0.379961 0.409348 0.027664 0.084042
0 0.436352 0.444576 0.058056 0.113041
