0 0.692629 0.568207 0.030850 0.113480
0 0.303161 0.720730 0.050185 0.120898
0 0.486415 0.561970 0.044109 0.102694
0 0.422750 0.315024 0.030299 0.116103
0 0.342473 0.420961 0.025794 0.094143
0 0.358115 0.565642 0.028492 0.108150
0 0.553949 0.325597 0.040101 0.074076
0 0.090094 0.226601 0.018684 0.119138
0 0.272550 0.133964 0.035131 0.108392
0 0.403567 0.292492 0.025754 0.095239
0 0.389127 0.585668 0.028034 0.151443
0 0.315585 0.418204 0.022260 0.113435
0 0.459038 0.634246 0.036015 0.093755
0 0.589334 0.369842 0.029202 0.077363
0 0.203878 0.667294 0.069419 0.043352
0 0.169896 0.106665 0.025019 0.112669
0 0.607590 0.201124 0.023104 0.091178
0 0.939393 0.808178 0.026355 0.120135
0 0.911302 0.781794 0.028813 0.120049
0 0.864426 0.832144 0.028365 0.122806
0 0.885946 0.819078 0.023129 0.124324
0 0.431484 0.607512 0.025444 0.086555
0 0.785406 0.774224 0.026993 0.114635
0 0.402857 0.577166 0.021188 0.080762
0 0.429241 0.592305 0.022406 0.052294
0 0.451459 0.624021 0.027980 0.073587
0 0.583053 0.369111 0.041374 0.081421
0 0.387202 0.574415 0.022750 0.119166
0 0.439963 0.631106 0.025482 0.071182
0 0.847863 0.800981 0.025085 0.116197
0 0.306780 0.418188 0.039165 0.114429
