0 0.750224 0.844470 0.056553 0.101975
0 0.128196 0.363326 0.031396 0.075267
0 0.197123 0.497927 0.038600 0.076716
0 0.580590 0.292513 0.022992 0.066649
0 0.155491 0.390903 0.026524 0.077990
0 0.551034 0.338757 0.016985 0.056070
0 0.270844 0.392722 0.029191 0.070304
0 0.211640 0.386278 0.023789 0.055283
0 0.161457 0.460808 0.019947 0.062619
0 0.250795 0.461547 0.020680 0.084048
0 0.133116 0.500165 0.038772 0.068259
0 0.235459 0.441336 0.022975 0.050184
0 0.141100 0.423070 0.022868 0.048910
0 0.189215 0.460855 0.023275 0.069303
0 0.115367 0.477185 0.031786 0.111934
0 0.188688 0.419608 0.019173 0.058025
0 0.115915 0.451635 0.022848 0.062996
