0 0.630129 0.571907 0.046914 0.100701
0 0.323718 0.639348 0.058894 0.100344
0 0.224725 0.409885 0.052901 0.118166
0 0.245436 0.806751 0.052930 0.095413
0 0.447459 0.266607 0.041715 0.090178
0 0.362128 0.501375 0.046774 0.126329
0 0.546983 0.711791 0.031012 0.128938
0 0.453069 0.478993 0.037274 0.109022
0 0.823491 0.386522 0.031273 0.097477
0 0.357773 0.287644 0.036605 0.104923
0 0.290091 0.505441 0.039868 0.111083
0 0.611105 0.205035 0.028561 0.096856
0 0.313867 0.540467 0.030473 0.101122
0 0.543526 0.280390 0.026160 0.099951
0 0.371521 0.352249 0.032817 0.072694
0 0.325117 0.478581 0.024843 0.074079
0 0.402007 0.342497 0.041463 0.088159
0 0.394123 0.340854 0.027952 0.086497
0 0.379762 0.433948 0.045389 0.093509
0 0.355990 0.482897 0.031750 0.106897
0 0.365807 0.442759 0.023981 0.077238
0 0.341037 0.409177 0.022154 0.068540
0 0.365990 0.387492 0.029915 0.051028
0 0.339349 0.418974 0.019845 0.066528
0 0.366163 0.505584 0.034840 0.106153
0 0.319815 0.511365 0.034813 0.124566
