0 0.597847 0.549513 0.039809 0.115777
0 0.673752 0.585091 0.047749 0.103608
0 0.429167 0.535045 0.023899 0.124029
0 0.776544 0.461889 0.027180 0.111256
0 0.373787 0.264587 0.020740 0.110191
0 0.513315 0.292543 0.029941 0.107196
0 0.292722 0.447224 0.021265 0.117608
0 0.637184 0.241751 0.030131 0.102149
0 0.591417 0.360420 0.035267 0.069295
0 0.574477 0.434576 0.039486 0.095833
0 0.479240 0.370463 0.022720 0.123608
0 0.359433 0.803010 0.033928 0.135859
0 0.629226 0.327446 0.034622 0.079582
0 0.684542 0.362544 0.039213 0.068983
0 0.799331 0.399788 0.016872 0.120732
0 0.519584 0.215142 0.027648 0.103787
0 0.706091 0.333267 0.037464 0.071970
0 0.660286 0.452090 0.034229 0.101524
0 0.706558 0.309193 0.039494 0.060990
0 0.642535 0.391893 0.019972 0.058966
0 0.653183 0.369006 0.025236 0.055084
0 0.654282 0.382742 0.025889 0.085431
0 0.662604 0.583787 0.024927 0.099484
