0 0.422468 0.500348 0.029508 0.118468
0 0.480246 0.411145 0.026494 0.105164
0 0.375254 0.729539 0.025751 0.133149
0 0.512602 0.550555 0.020185 0.116221
0 0.476923 0.621592 0.026114 0.121110
0 0.484799 0.736754 0.017912 0.117477
0 0.441850 0.212924 0.016081 0.106300
0 0.426604 0.659092 0.026576 0.119580
0 0.810010 0.487990 0.025535 0.111753
0 0.262178 0.501801 0.021336 0.125564
0 0.284890 0.417508 0.022898 0.112781
0 0.391253 0.595182 0.039665 0.077218
0 0.224968 0.515554 0.023038 0.116592
0 0.290878 0.692393 0.035518 0.132845
0 0.346909 0.200821 0.022950 0.102268
0 0.327844 0.479478 0.033572 0.066142
0 0.184621 0.612665 0.032692 0.107683
0 0.334852 0.581945 0.041134 0.082984
0 0.318464 0.534472 0.035802 0.080949
0 0.403227 0.439721 0.029352 0.095719
0 0.300402 0.591287 0.031615 0.046221
0 0.301664 0.607407 0.032402 0.067680
0 0.297567 0.639750 0.035841 0.097335
0 0.302116 0.633237 0.033369 0.090471
0 0.405724 0.604792 0.031237 0.053033
0 0.454904 0.030875 0.023968 0.061749
