0 0.764205 0.647454 0.037943 0.091782
0 0.428425 0.425564 0.025358 0.089834
0 0.891385 0.587675 0.055055 0.056642
0 0.732406 0.694071 0.039018 0.086829
0 0.549053 0.569780 0.025256 0.087490
0 0.582180 0.587926 0.028169 0.098706
0 0.830259 0.530712 0.021574 0.090827
0 0.591094 0.494825 0.026401 0.068870
0 0.797239 0.632799 0.023582 0.102655
0 0.646774 0.499137 0.024130 0.076919
0 0.332930 0.295910 0.026709 0.066741
0 0.178953 0.396359 0.018516 0.056402
0 0.682247 0.546875 0.020931 0.070106
0 0.547568 0.410731 0.022676 0.055293
0 0.538496 0.216132 0.028721 0.063247
0 0.634712 0.497953 0.011406 0.076547
0 0.720304 0.786736 0.038823 0.098415
0 0.798307 0.646210 0.021442 0.075742
0 0.704850 0.488582 0.018904 0.046416
0 0.353260 0.288937 0.019332 0.082719
0 0.711726 0.787047 0.022860 0.095988
0 0.725213 0.789111 0.028024 0.095353
0 0.652690 0.500918 0.028643 0.066996
