0 0.710178 0.713602 0.040969 0.106620
0 0.467170 0.842183 0.027443 0.132124
0 0.488687 0.581883 0.023918 0.126354
0 0.476628 0.195853 0.044240 0.086240
0 0.807016 0.716995 0.047160 0.100968
0 0.433216 0.492608 0.028629 0.115509
0 0.609019 0.728582 0.023451 0.122534
0 0.522569 0.429907 0.035606 0.105644
0 0.131922 0.600825 0.027434 0.129247
0 0.573928 0.579428 0.041166 0.099626
0 0.722073 0.621142 0.034029 0.091766
0 0.732207 0.488221 0.026482 0.127994
0 0.404304 0.204334 0.023639 0.104216
0 0.602767 0.625914 0.028599 0.115757
0 0.809907 0.483085 0.035183 0.101004
0 0.541400 0.517597 0.042073 0.088467
0 0.445773 0.385726 0.019838 0.106342
0 0.643085 0.503627 0.045899 0.081046
0 0.700232 0.406681 0.024304 0.111750
0 0.602206 0.471532 0.036847 0.080036
0 0.640155 0.567797 0.029958 0.073852
0 0.605663 0.530556 0.028251 0.064603
0 0.665808 0.603962 0.035575 0.081588
0 0.653040 0.591713 0.054709 0.105736
0 0.638002 0.505660 0.029315 0.079854
0 0.606677 0.543830 0.029683 0.088124
0 0.617214 0.492804 0.026786 0.058191
0 0.579113 0.568555 0.031480 0.085427
