0 0.375450 0.391426 0.039226 0.088385
0 0.499527 0.763542 0.037404 0.102973
0 0.334955 0.436568 0.038183 0.083010
0 0.128098 0.517259 0.033598 0.112675
0 0.303999 0.692914 0.032977 0.101497
0 0.338121 0.675488 0.043490 0.120438
0 0.840946 0.501249 0.033353 0.086496
0 0.468661 0.165940 0.026499 0.072825
0 0.227189 0.613534 0.026432 0.098255
0 0.254926 0.639455 0.041765 0.103638
0 0.484241 0.184309 0.029810 0.079736
0 0.353914 0.597482 0.027530 0.096011
0 0.266530 0.591112 0.029493 0.066660
0 0.415342 0.053457 0.034548 0.073367
0 0.311896 0.505273 0.029067 0.092871
0 0.357888 0.577792 0.033358 0.142205
0 0.299145 0.563040 0.036370 0.082921
0 0.360194 0.532253 0.031725 0.078211
0 0.356470 0.527726 0.024208 0.069160
0 0.344361 0.694008 0.029262 0.087452
0 0.312808 0.487862 0.025746 0.061936
0 0.297743 0.447682 0.022437 0.052267
0 0.266785 0.535120 0.027856 0.084061
0 0.330915 0.431917 0.029746 0.073668
0 0.288301 0.545711 0.026533 0.061047
0 0.279192 0.490110 0.022514 0.058773
0 0.308170 0.535148 0.026779 0.046729
0 0.291435 0.580463 0.036284 0.079187
0 0.312306 0.478928 0.024353 0.044367
0 0.321252 0.655312 0.020193 0.045114
