0 0.693157 0.838941 0.052326 0.117988
0 0.501013 0.635454 0.023549 0.116597
0 0.623958 0.844088 0.031651 0.120818
0 0.579303 0.556323 0.042595 0.086272
0 0.709157 0.465609 0.022610 0.120245
0 0.394648 0.198625 0.024445 0.096580
0 0.459660 0.492780 0.034468 0.094735
0 0.521698 0.328106 0.032482 0.094728
0 0.192233 0.360624 0.020466 0.113831
0 0.648137 0.320110 0.031619 0.097838
0 0.475629 0.400900 0.038594 0.100376
0 0.601296 0.272707 0.039184 0.091399
0 0.469644 0.400603 0.026614 0.099538
0 0.816254 0.415177 0.031167 0.101708
0 0.549140 0.338189 0.037365 0.076443
0 0.612294 0.436566 0.034679 0.085348
0 0.556879 0.457447 0.036002 0.078070
0 0.563545 0.392086 0.032603 0.073182
0 0.654721 0.506628 0.029521 0.102400
0 0.627449 0.349006 0.030842 0.058925
0 0.633595 0.403681 0.043283 0.079027
0 0.640266 0.472216 0.025421 0.075900
0 0.628236 0.409079 0.034645 0.097137
0 0.624942 0.403848 0.027776 0.073467
