0 0.588241 0.819025 0.047112 0.149409
0 0.805960 0.429009 0.051338 0.099932
0 0.746821 0.509448 0.050659 0.104499
0 0.422661 0.705403 0.039132 0.097209
0 0.666224 0.660994 0.031378 0.091842
0 0.459276 0.756401 0.040678 0.138077
0 0.610661 0.733772 0.031022 0.097075
0 0.795816 0.295555 0.025247 0.092285
0 0.925473 0.159568 0.025278 0.092004
0 0.396839 0.550323 0.019821 0.098350
0 0.937751 0.420654 0.025014 0.098731
0 0.851360 0.335416 0.042057 0.086428
0 0.094000 0.843498 0.019656 0.030562
0 0.065098 0.806631 0.021672 0.107828
0 0.458572 0.731698 0.039598 0.089699
0 0.172904 0.844324 0.022158 0.104319
0 0.095490 0.789918 0.023930 0.099057
0 0.144070 0.826937 0.022728 0.103820
0 0.462945 0.767972 0.032755 0.115371
0 0.039644 0.793386 0.021053 0.112546
0 0.952400 0.451629 0.021550 0.095346
0 0.455576 0.723941 0.033808 0.073899
0 0.111130 0.812638 0.024671 0.115807
0 0.577214 0.814889 0.025629 0.134143
