0 0.751044 0.684627 0.037593 0.083425
0 0.771775 0.778207 0.036134 0.081929
0 0.728237 0.605380 0.036083 0.060155
0 0.339756 0.365867 0.028720 0.057476
0 0.359034 0.823992 0.029118 0.086983
0 0.348579 0.650150 0.028888 0.077732
0 0.109173 0.624664 0.020857 0.085690
0 0.345899 0.525051 0.030222 0.071546
0 0.333111 0.205986 0.023520 0.056867
0 0.684077 0.365959 0.031234 0.067535
0 0.134646 0.313555 0.027469 0.065933
0 0.641772 0.200523 0.028798 0.098625
0 0.657383 0.265180 0.029349 0.052588
0 0.908572 0.505416 0.018452 0.090447
0 0.710646 0.528125 0.033824 0.058476
0 0.332949 0.271396 0.019656 0.055437
0 0.668515 0.322289 0.020327 0.055984
0 0.652642 0.259190 0.023358 0.059853
0 0.680148 0.345876 0.038593 0.106889
0 0.385898 0.048752 0.014202 0.070960
0 0.762913 0.040589 0.012102 0.037945
0 0.522527 0.025278 0.054940 0.050014
