0 0.193152 0.682305 0.040186 0.069904
0 0.169905 0.821163 0.040318 0.081498
0 0.829207 0.645001 0.028777 0.085945
0 0.589902 0.801786 0.029450 0.085659
0 0.205943 0.592186 0.034766 0.080877
0 0.209874 0.529527 0.034072 0.075438
0 0.180456 0.747642 0.034068 0.079110
0 0.589083 0.555976 0.032995 0.078298
0 0.162677 0.440695 0.026423 0.077819
0 0.594372 0.689341 0.026088 0.078303
0 0.236782 0.379421 0.031728 0.054591
0 0.798709 0.324980 0.020921 0.067746
0 0.583920 0.401154 0.027758 0.059495
0 0.585643 0.206114 0.019643 0.053884
0 0.586235 0.316079 0.026603 0.057409
0 0.267893 0.169045 0.032574 0.105935
0 0.306840 0.092054 0.016690 0.067636
0 0.208702 0.546070 0.032831 0.078137
0 0.264980 0.186603 0.026950 0.071220
