0 0.342987 0.612988 0.044111 0.090785
0 0.702646 0.502784 0.024799 0.098511
0 0.328634 0.187197 0.035372 0.080378
0 0.317883 0.835034 0.036016 0.108279
0 0.228088 0.409264 0.027890 0.115533
0 0.433692 0.614708 0.024170 0.101186
0 0.302703 0.332974 0.028398 0.084658
0 0.377694 0.189182 0.021509 0.083179
0 0.419702 0.288146 0.021807 0.088029
0 0.463715 0.366749 0.026613 0.085649
0 0.325388 0.359962 0.026807 0.050544
0 0.478058 0.417173 0.016888 0.096924
0 0.392119 0.358735 0.042785 0.058835
0 0.350803 0.429965 0.030315 0.063908
0 0.407281 0.534860 0.030859 0.080508
0 0.327854 0.400591 0.029921 0.055977
0 0.445603 0.827858 0.019363 0.116983
0 0.399251 0.421711 0.032626 0.058644
0 0.332641 0.488968 0.022611 0.062300
0 0.405072 0.468845 0.023851 0.057569
0 0.401229 0.405643 0.030599 0.080020
0 0.396386 0.470734 0.034093 0.057375
0 0.354592 0.063843 0.019821 0.075953
