0 0.098216 0.508484 0.066150 0.176595
0 0.576086 0.568852 0.062836 0.178386
0 0.354076 0.444476 0.044828 0.085364
0 0.516258 0.682032 0.072643 0.140727
0 0.959788 0.215248 0.036251 0.167354
0 0.100720 0.474936 0.059559 0.106732
0 0.393715 0.510664 0.051176 0.133362
0 0.442365 0.521807 0.044745 0.114770
0 0.509083 0.458099 0.044404 0.094923
0 0.487493 0.312610 0.040601 0.072872
0 0.474023 0.378117 0.039434 0.079154
0 0.525356 0.565154 0.054223 0.068588
0 0.470144 0.564344 0.062598 0.113652
0 0.505475 0.605316 0.051306 0.089374
0 0.384111 0.451756 0.050781 0.139556
0 0.515989 0.395026 0.047094 0.106504
0 0.482233 0.512565 0.045076 0.084733
0 0.415406 0.433250 0.027498 0.066029
0 0.516031 0.655429 0.072711 0.100878
0 0.511950 0.448628 0.034094 0.075924
0 0.432930 0.468765 0.030649 0.066708
0 0.404729 0.486933 0.056414 0.138912
0 0.464778 0.524249 0.057700 0.116134
0 0.483898 0.566238 0.042554 0.112335
0 0.528806 0.528645 0.039780 0.068283
0 0.409955 0.500463 0.074988 0.151380
0 0.468527 0.450262 0.033653 0.070633
0 0.456403 0.567269 0.037332 0.105250
0 0.523825 0.411170 0.031736 0.132566
0 0.491370 0.442842 0.022198 0.071176
0 0.509080 0.501018 0.045659 0.069905
0 0.393163 0.425195 0.034269 0.082434
0 0.514852 0.363271 0.048032 0.065046
0 0.377485 0.464191 0.047143 0.117667
0 0.389189 0.437814 0.041668 0.108463
0 0.467769 0.496191 0.034589 0.149335
