0 0.358326 0.539811 0.036617 0.071374
0 0.627144 0.555214 0.027287 0.059649
0 0.286870 0.452438 0.024888 0.060801
0 0.062883 0.496326 0.021942 0.074781
0 0.048645 0.453291 0.026269 0.072049
0 0.139347 0.467171 0.023156 0.076842
0 0.079209 0.470579 0.021259 0.079991
0 0.237106 0.410100 0.017957 0.063124
0 0.751797 0.362091 0.017281 0.049417
0 0.517109 0.467846 0.017695 0.048016
0 0.412637 0.432335 0.018035 0.061158
0 0.213077 0.426277 0.016503 0.064849
0 0.592713 0.794163 0.024383 0.074511
0 0.728355 0.089651 0.042771 0.059477
