0 0.427698 0.700226 0.066562 0.166520
0 0.314638 0.530560 0.061631 0.138166
0 0.591776 0.428616 0.056693 0.109399
0 0.484925 0.770271 0.062122 0.152268
0 0.511846 0.496811 0.049964 0.074605
0 0.221476 0.549208 0.036405 0.161996
0 0.528744 0.685528 0.045815 0.141741
0 0.245909 0.770341 0.036247 0.167328
0 0.649187 0.307100 0.049301 0.166083
0 0.346022 0.618887 0.046905 0.150269
0 0.369350 0.406373 0.034248 0.142681
0 0.511790 0.384109 0.050762 0.113409
0 0.570422 0.486255 0.063249 0.113223
0 0.703805 0.535604 0.025623 0.165999
0 0.390636 0.560691 0.050402 0.116272
0 0.741029 0.499742 0.046142 0.147895
0 0.322097 0.708491 0.048598 0.130231
0 0.553847 0.294017 0.029081 0.145034
0 0.447436 0.477360 0.048011 0.107971
0 0.513887 0.570586 0.044314 0.115199
0 0.012943 0.155613 0.025571 0.078811
0 0.084268 0.060230 0.034223 0.118448
0 0.552665 0.213184 0.030640 0.117604
0 0.498007 0.607393 0.059532 0.167781
0 0.487692 0.585378 0.038692 0.130746
0 0.512492 0.543105 0.037021 0.069296
0 0.346178 0.586559 0.046221 0.085386
0 0.512062 0.552664 0.046116 0.077965
