0 0.481789 0.847144 0.024650 0.123311
0 0.341783 0.306905 0.020255 0.101508
0 0.480334 0.465584 0.026369 0.103160
0 0.563198 0.524909 0.043681 0.097459
0 0.296970 0.539579 0.022675 0.110074
0 0.509492 0.372494 0.026087 0.102590
0 0.693438 0.319660 0.038568 0.091258
0 0.831880 0.463636 0.030337 0.098142
0 0.729071 0.374578 0.029187 0.086146
0 0.593474 0.288880 0.023143 0.095314
0 0.655455 0.504131 0.030884 0.086347
0 0.774170 0.443050 0.014818 0.113524
0 0.761871 0.305007 0.037682 0.091862
0 0.503952 0.208945 0.025668 0.101825
0 0.674927 0.416772 0.037941 0.063929
0 0.683509 0.383460 0.033032 0.070106
0 0.609269 0.385269 0.037358 0.061729
0 0.626147 0.328593 0.030071 0.072854
0 0.586813 0.454956 0.034097 0.063141
0 0.660986 0.455974 0.030568 0.042075
0 0.571565 0.518151 0.029322 0.087025
0 0.738976 0.038587 0.025660 0.075900
0 0.666164 0.447552 0.026799 0.053539
0 0.640763 0.442973 0.029991 0.076323
