0 0.594928 0.588594 0.061948 0.291478
0 0.483286 0.473403 0.067250 0.280781
0 0.401947 0.404696 0.078594 0.195761
0 0.618879 0.544610 0.044104 0.305590
0 0.298003 0.440581 0.063866 0.167514
0 0.299320 0.406016 0.053089 0.098122
0 0.481381 0.691943 0.068897 0.171592
0 0.299179 0.482199 0.070026 0.086911
0 0.453469 0.680240 0.059145 0.187563
0 0.244218 0.303690 0.072985 0.286373
0 0.788473 0.348818 0.066635 0.291525
0 0.489255 0.688097 0.050748 0.134752
0 0.434911 0.625455 0.036142 0.194914
0 0.313310 0.239817 0.069314 0.264740
0 0.542309 0.750935 0.072650 0.303450
0 0.394984 0.589572 0.094724 0.325875
