0 0.398727 0.817051 0.048129 0.188357
0 0.767289 0.739340 0.037248 0.187654
0 0.485149 0.645896 0.040739 0.158288
0 0.911886 0.717057 0.039352 0.164943
0 0.556107 0.472856 0.046437 0.134341
0 0.233775 0.495173 0.035628 0.165761
0 0.492869 0.394106 0.057045 0.094671
0 0.773102 0.309232 0.039348 0.152401
0 0.215428 0.341084 0.037845 0.145064
0 0.033039 0.488574 0.030940 0.157547
0 0.439245 0.325539 0.032533 0.148857
0 0.961530 0.254029 0.032579 0.160987
0 0.513936 0.325444 0.032944 0.150777
0 0.291617 0.352180 0.038407 0.155473
0 0.366352 0.331253 0.036757 0.152481
0 0.856629 0.291528 0.032881 0.162473
0 0.700751 0.304293 0.028761 0.139189
0 0.506701 0.455993 0.065615 0.065978
0 0.483465 0.306520 0.025845 0.108650
0 0.069254 0.467016 0.024229 0.155655
0 0.181333 0.405185 0.027715 0.159043
0 0.387138 0.377258 0.043240 0.097817
0 0.740198 0.302034 0.026075 0.105891
0 0.514212 0.459937 0.042683 0.056612
0 0.920286 0.293139 0.048896 0.082337
0 0.033295 0.374026 0.022808 0.109943
0 0.987272 0.148427 0.024565 0.082994
0 0.500744 0.440297 0.045138 0.080409
0 0.409310 0.391871 0.018409 0.060961
0 0.906397 0.267687 0.034299 0.091139
0 0.038336 0.374108 0.032623 0.111259
0 0.240089 0.402004 0.025927 0.087846
0 0.531839 0.439786 0.035587 0.060337
0 0.519711 0.452482 0.049690 0.070013
0 0.257796 0.213187 0.138296 0.193883
0 0.373927 0.343341 0.022141 0.116065
0 0.488892 0.395787 0.032503 0.094881
