0 0.563746 0.563042 0.048156 0.103910
0 0.371132 0.443129 0.044958 0.101296
0 0.481643 0.427066 0.040293 0.095839
0 0.795105 0.442543 0.036237 0.113586
0 0.608955 0.206239 0.025535 0.092856
0 0.656857 0.204133 0.031227 0.089033
0 0.472839 0.845267 0.038239 0.121369
0 0.696997 0.399907 0.032774 0.082242
0 0.617222 0.488729 0.046661 0.112592
0 0.672266 0.518327 0.031509 0.101263
0 0.459388 0.270176 0.026983 0.096235
0 0.745809 0.330602 0.025300 0.106624
0 0.765660 0.449629 0.032021 0.101081
0 0.658434 0.305663 0.026975 0.073349
0 0.656521 0.374611 0.030103 0.072077
0 0.602826 0.431823 0.036614 0.072505
0 0.665635 0.447117 0.022372 0.058945
0 0.362258 0.453650 0.027227 0.076144
0 0.643179 0.429081 0.023052 0.064205
0 0.666877 0.456923 0.024270 0.077272
0 0.630133 0.389046 0.023663 0.040006
0 0.611665 0.472607 0.037076 0.098355
