0 0.308931 0.558964 0.044002 0.254826
0 0.650766 0.573785 0.049705 0.259557
0 0.553606 0.398044 0.056347 0.259163
0 0.678567 0.549061 0.040364 0.253286
0 0.744958 0.463897 0.050851 0.262460
0 0.567492 0.108760 0.050657 0.216805
0 0.522758 0.664750 0.063109 0.302251
0 0.452197 0.545488 0.065615 0.271773
0 0.519200 0.209804 0.057087 0.237952
0 0.878575 0.675734 0.044186 0.241366
0 0.783960 0.513302 0.045655 0.217099
0 0.794670 0.594449 0.050658 0.240798
0 0.518838 0.496777 0.055698 0.140753
0 0.782578 0.373870 0.032772 0.120930
0 0.227997 0.510380 0.069807 0.239822
0 0.680718 0.521832 0.036541 0.195358
0 0.601486 0.849399 0.063093 0.278112
0 0.455757 0.399839 0.053623 0.107810
0 0.793401 0.642070 0.047474 0.144757
