0 0.376480 0.763715 0.065618 0.122957
0 0.326117 0.290510 0.048432 0.120282
0 0.436039 0.441272 0.036807 0.138914
0 0.544917 0.279425 0.036363 0.133008
0 0.536224 0.485341 0.028796 0.132618
0 0.260268 0.583584 0.035264 0.145189
0 0.271516 0.279339 0.046346 0.114724
0 0.571837 0.624567 0.024831 0.145040
0 0.212316 0.660055 0.039307 0.132787
0 0.722037 0.673838 0.024673 0.141995
0 0.309526 0.700701 0.032438 0.160209
0 0.428266 0.563969 0.045659 0.072569
0 0.798880 0.477323 0.025291 0.131817
0 0.477225 0.726006 0.051294 0.129225
0 0.357572 0.553275 0.043943 0.072165
0 0.407885 0.288386 0.020840 0.128354
0 0.356206 0.682256 0.043617 0.133189
0 0.350583 0.504296 0.045101 0.089207
0 0.454312 0.663945 0.044303 0.083887
0 0.460008 0.757828 0.019781 0.151345
0 0.377319 0.608597 0.051189 0.100812
0 0.358643 0.660364 0.043395 0.121880
0 0.441648 0.617889 0.017176 0.048721
0 0.382863 0.596609 0.038649 0.074697
0 0.366403 0.616285 0.034555 0.119727
0 0.371493 0.751127 0.055022 0.093819
