0 0.555347 0.843808 0.032270 0.127875
0 0.463720 0.348445 0.023105 0.114677
0 0.479795 0.459456 0.028223 0.109049
0 0.343218 0.279138 0.025905 0.098663
0 0.352593 0.424500 0.022022 0.125055
0 0.540072 0.456339 0.032995 0.111163
0 0.475120 0.213655 0.023044 0.105992
0 0.475890 0.590457 0.025018 0.109378
0 0.639244 0.349521 0.032442 0.062211
0 0.752898 0.428732 0.028002 0.096113
0 0.607518 0.377580 0.035399 0.068839
0 0.654764 0.480755 0.025736 0.087161
0 0.746605 0.354780 0.015576 0.084651
0 0.541948 0.374552 0.028936 0.067537
0 0.554686 0.262118 0.027194 0.121920
0 0.632120 0.417121 0.028011 0.080597
0 0.633005 0.430890 0.026994 0.096420
0 0.639198 0.303500 0.031725 0.057492
0 0.654316 0.274104 0.032448 0.045208
0 0.618528 0.422408 0.024460 0.082566
0 0.654608 0.291483 0.029786 0.081256
0 0.555608 0.283854 0.025901 0.079146
0 0.550220 0.297546 0.028549 0.077819
0 0.547006 0.291597 0.022781 0.066435
0 0.543472 0.360667 0.027680 0.091894
0 0.638828 0.450571 0.015832 0.068425
0 0.562614 0.390460 0.006316 0.018302
0 0.638736 0.459402 0.019815 0.083396
