0 0.510707 0.652194 0.025225 0.072086
0 0.418438 0.541966 0.021240 0.057357
0 0.328255 0.540985 0.015169 0.054315
0 0.717551 0.532195 0.022168 0.063528
0 0.378162 0.530931 0.021799 0.067750
0 0.591234 0.622293 0.023321 0.060548
0 0.616423 0.578582 0.014018 0.055303
0 0.357455 0.631018 0.013253 0.055752
0 0.568074 0.401309 0.015908 0.049817
0 0.298144 0.542892 0.020508 0.053593
0 0.638036 0.581001 0.017645 0.062734
0 0.815893 0.480955 0.023052 0.057084
0 0.282930 0.515059 0.020374 0.054641
0 0.441773 0.733091 0.017469 0.064312
0 0.632807 0.520817 0.016016 0.050683
0 0.635448 0.420693 0.014952 0.056524
0 0.438162 0.733131 0.024901 0.064773
0 0.437884 0.614195 0.016696 0.067872
0 0.106896 0.325069 0.047388 0.057791
