0 0.207550 0.569580 0.040424 0.094397
0 0.538896 0.598914 0.039767 0.090663
0 0.153342 0.523770 0.024748 0.082251
0 0.484437 0.496257 0.030758 0.082290
0 0.525404 0.406684 0.034259 0.069965
0 0.742622 0.816182 0.026278 0.097863
0 0.241695 0.503138 0.030791 0.083685
0 0.308000 0.518483 0.034883 0.077267
0 0.160250 0.601438 0.041444 0.065930
0 0.333585 0.518066 0.020942 0.093073
0 0.178874 0.479999 0.027900 0.080214
0 0.965939 0.666258 0.020464 0.093930
0 0.279735 0.532902 0.024487 0.062851
0 0.902005 0.566808 0.020200 0.092316
0 0.531985 0.598816 0.027805 0.090065
0 0.343183 0.336485 0.019438 0.085711
0 0.761999 0.802423 0.025973 0.096003
0 0.666858 0.387243 0.014644 0.079613
0 0.364162 0.321390 0.017952 0.061647
0 0.166766 0.454578 0.017270 0.056717
0 0.990707 0.693351 0.017478 0.088107
0 0.387035 0.383773 0.029997 0.068434
0 0.265051 0.502878 0.017590 0.063851
0 0.261655 0.496677 0.022999 0.058060
