0 0.506294 0.478009 0.038393 0.108307
0 0.409384 0.733217 0.026312 0.133476
0 0.542604 0.686369 0.029803 0.134806
0 0.517496 0.598810 0.027137 0.128339
0 0.579636 0.401097 0.027909 0.130169
0 0.604383 0.767230 0.025767 0.141749
0 0.582306 0.710897 0.032231 0.132317
0 0.527472 0.311063 0.045144 0.102538
0 0.408110 0.323696 0.021662 0.110874
0 0.471730 0.450661 0.027453 0.122990
0 0.510734 0.175780 0.039607 0.104832
0 0.551800 0.595025 0.032457 0.116967
0 0.698606 0.739884 0.046882 0.124595
0 0.607712 0.508618 0.034975 0.103650
0 0.233627 0.465675 0.035982 0.125566
0 0.790514 0.637301 0.026908 0.129190
0 0.618465 0.616282 0.040924 0.091656
0 0.343879 0.209630 0.022279 0.113867
0 0.634505 0.551731 0.032752 0.076394
0 0.658107 0.635116 0.035649 0.078614
0 0.679206 0.667884 0.025956 0.112234
0 0.769946 0.567097 0.023082 0.137065
0 0.612894 0.514821 0.025884 0.095462
0 0.607916 0.488342 0.033523 0.064663
