0 0.300598 0.648599 0.051122 0.148466
0 0.633320 0.717856 0.070871 0.139525
0 0.555562 0.732471 0.049125 0.128022
0 0.508926 0.684432 0.034876 0.124864
0 0.727342 0.639855 0.029568 0.151135
0 0.447293 0.554245 0.056715 0.136572
0 0.791336 0.748678 0.032007 0.159796
0 0.516185 0.401811 0.046846 0.120192
0 0.581998 0.542190 0.060355 0.119376
0 0.368058 0.485980 0.050596 0.112030
0 0.485620 0.333372 0.039020 0.123862
0 0.507138 0.611793 0.058545 0.150256
0 0.420246 0.475308 0.034169 0.149822
0 0.552567 0.590456 0.043429 0.111054
0 0.448255 0.406789 0.040340 0.087808
0 0.309353 0.550891 0.036133 0.106664
0 0.507159 0.589087 0.056231 0.107324
0 0.450578 0.539952 0.051373 0.102338
0 0.493602 0.519581 0.041873 0.061983
0 0.414900 0.323644 0.028434 0.087739
0 0.505730 0.681494 0.028455 0.105327
0 0.991262 0.297975 0.016689 0.124528
0 0.476903 0.477558 0.035606 0.088203
0 0.572109 0.532567 0.039733 0.101646
0 0.448210 0.517364 0.056878 0.123164
0 0.485285 0.343520 0.028512 0.102584
0 0.445602 0.528750 0.052046 0.084360
