0 0.751688 0.830591 0.044846 0.097011
0 0.687991 0.623227 0.039299 0.090017
0 0.580119 0.352718 0.034554 0.089633
0 0.715072 0.452532 0.027279 0.095788
0 0.559254 0.250728 0.026827 0.082632
0 0.519697 0.634326 0.020478 0.098396
0 0.665116 0.834747 0.022517 0.100740
0 0.602614 0.570668 0.035177 0.091818
0 0.357616 0.568226 0.023837 0.084822
0 0.531430 0.150561 0.028924 0.077638
0 0.277579 0.377748 0.016858 0.085733
0 0.553701 0.370526 0.020346 0.092077
0 0.562122 0.452355 0.035949 0.085853
0 0.658142 0.525572 0.038115 0.076147
0 0.907963 0.291978 0.013411 0.081871
0 0.590140 0.518118 0.032392 0.084152
0 0.386205 0.203314 0.017684 0.084347
0 0.617631 0.410975 0.030320 0.061621
0 0.638004 0.507071 0.019055 0.059783
0 0.626260 0.447636 0.027001 0.050055
0 0.629373 0.500301 0.022328 0.069826
0 0.572526 0.481805 0.024133 0.112913
0 0.612285 0.485613 0.023244 0.058956
0 0.451104 0.034650 0.022430 0.069301
