0 0.487301 0.449747 0.042026 0.121319
0 0.825339 0.605653 0.035041 0.167672
0 0.143767 0.492383 0.046456 0.127406
0 0.702683 0.558709 0.056010 0.099090
0 0.042760 0.441917 0.028206 0.141511
0 0.353517 0.410933 0.075450 0.108787
0 0.428238 0.617364 0.073119 0.107754
0 0.287795 0.689919 0.060171 0.089284
0 0.443316 0.449778 0.049720 0.086372
0 0.290796 0.608734 0.069662 0.087577
0 0.303135 0.625327 0.046333 0.058492
0 0.424947 0.487815 0.055391 0.110442
0 0.337504 0.485932 0.049601 0.104313
0 0.324733 0.521710 0.048290 0.059394
0 0.315361 0.585667 0.034158 0.079560
0 0.442574 0.618825 0.045090 0.106881
0 0.331297 0.557871 0.037826 0.077165
0 0.280318 0.579141 0.048081 0.074806
0 0.416899 0.613928 0.052640 0.104251
0 0.402436 0.540874 0.046489 0.056288
0 0.345404 0.490510 0.045218 0.091347
0 0.398855 0.492865 0.057903 0.073295
0 0.361984 0.417611 0.051086 0.098038
0 0.418164 0.481034 0.046869 0.111490
0 0.397536 0.535454 0.053988 0.048577
0 0.352478 0.504526 0.040625 0.074016
0 0.392265 0.567282 0.059783 0.093270
0 0.414595 0.447443 0.032081 0.043435
0 0.142826 0.463151 0.044750 0.068541
0 0.371679 0.564912 0.023590 0.093221
0 0.393545 0.587894 0.050251 0.076719
0 0.338708 0.436012 0.046829 0.074129
0 0.371856 0.391355 0.039234 0.075400
0 0.368606 0.402949 0.043784 0.097184
0 0.292804 0.591875 0.073051 0.064730
