0 0.353302 0.508214 0.056134 0.152693
0 0.794962 0.687175 0.049945 0.168840
0 0.497473 0.267928 0.066685 0.176364
0 0.293662 0.409895 0.047042 0.170954
0 0.542671 0.512035 0.050644 0.135362
0 0.918577 0.067036 0.044767 0.132788
0 0.122207 0.750638 0.040495 0.185568
0 0.285688 0.833037 0.051450 0.161117
0 0.656891 0.059852 0.048560 0.118125
0 0.983471 0.827650 0.032383 0.189725
0 0.530824 0.593318 0.056886 0.139650
0 0.754764 0.837653 0.045036 0.181839
0 0.232859 0.806191 0.053857 0.140591
0 0.888653 0.822620 0.044863 0.191894
0 0.982783 0.595337 0.033584 0.064774
0 0.041287 0.761633 0.046578 0.182625
0 0.019890 0.822466 0.035643 0.188146
0 0.397284 0.842801 0.038148 0.176615
0 0.286772 0.801575 0.043915 0.088681
0 0.071837 0.808861 0.034874 0.112788
0 0.444983 0.849507 0.034971 0.176506
0 0.517772 0.562644 0.034463 0.089943
0 0.501667 0.260167 0.050047 0.149500
0 0.534112 0.551728 0.050947 0.075037
0 0.530643 0.822564 0.038315 0.121518
0 0.347148 0.503172 0.043550 0.135758
0 0.534679 0.616897 0.045588 0.093361
