0 0.517860 0.687959 0.048130 0.113535
0 0.408418 0.650370 0.032063 0.103519
0 0.406170 0.548290 0.028730 0.100714
0 0.277480 0.403416 0.021725 0.115911
0 0.726689 0.200354 0.045012 0.092695
0 0.481701 0.374361 0.029757 0.095388
0 0.452964 0.442587 0.028990 0.095109
0 0.664843 0.185987 0.021280 0.092433
0 0.585340 0.357252 0.037469 0.079808
0 0.529948 0.496592 0.038362 0.067828
0 0.978925 0.680904 0.027621 0.120133
0 0.599117 0.443549 0.032337 0.040544
0 0.490158 0.549586 0.046180 0.073548
0 0.726095 0.460367 0.025501 0.113449
0 0.597781 0.563640 0.026989 0.114582
0 0.550794 0.438900 0.038280 0.075188
0 0.631613 0.434013 0.037350 0.074300
0 0.605721 0.490380 0.030040 0.079707
0 0.651829 0.388452 0.039463 0.075324
0 0.749599 0.438181 0.025201 0.099314
0 0.586748 0.494651 0.014413 0.055924
0 0.596438 0.503855 0.026646 0.071904
0 0.767496 0.051067 0.024288 0.100440
0 0.508494 0.542517 0.016990 0.066067
0 0.600576 0.493944 0.036156 0.076633
0 0.828243 0.041335 0.020068 0.082624
