0 0.764039 0.720343 0.052313 0.121600
0 0.673115 0.665326 0.054639 0.116444
0 0.427149 0.744133 0.022628 0.132222
0 0.218545 0.629265 0.027732 0.130856
0 0.651564 0.280727 0.046116 0.108799
0 0.590123 0.610357 0.027618 0.133265
0 0.472590 0.661568 0.024733 0.124663
0 0.707601 0.613147 0.024259 0.140604
0 0.558738 0.285275 0.034973 0.095362
0 0.130954 0.403342 0.021864 0.123654
0 0.469933 0.459788 0.034352 0.120788
0 0.571508 0.442718 0.035502 0.078577
0 0.493116 0.569401 0.024417 0.113831
0 0.568703 0.376395 0.028078 0.087534
0 0.570314 0.529334 0.038798 0.105883
0 0.880268 0.519224 0.032017 0.111089
0 0.683767 0.586829 0.020318 0.123557
0 0.657330 0.406498 0.030029 0.072822
0 0.647112 0.529425 0.057036 0.089760
0 0.667055 0.464715 0.032193 0.088539
0 0.665847 0.662299 0.038560 0.110069
0 0.571538 0.508057 0.036033 0.063439
0 0.637742 0.528377 0.043187 0.089078
0 0.642856 0.280188 0.029181 0.107001
0 0.687038 0.481111 0.021114 0.077063
0 0.687601 0.591518 0.024513 0.116461
0 0.660696 0.531639 0.041772 0.098983
