0 0.420189 0.632407 0.019979 0.075001
0 0.318223 0.313111 0.018879 0.051929
0 0.414662 0.462182 0.017348 0.059975
0 0.150148 0.560824 0.015762 0.074492
0 0.260693 0.544522 0.029039 0.067378
0 0.934731 0.441429 0.021913 0.060654
0 0.733895 0.478967 0.024753 0.055402
0 0.190978 0.617324 0.028253 0.061532
0 0.453215 0.619656 0.020229 0.113627
0 0.649364 0.734565 0.024899 0.081306
0 0.453269 0.641329 0.016911 0.078196
0 0.170249 0.602777 0.033593 0.066566
0 0.291294 0.306684 0.013814 0.052940
0 0.111712 0.524267 0.020313 0.072094
0 0.215756 0.555166 0.020405 0.062573
0 0.537323 0.233223 0.014480 0.048554
0 0.234104 0.549129 0.017766 0.064964
0 0.186371 0.563242 0.019776 0.038273
