0 0.580708 0.438298 0.024953 0.059416
0 0.542855 0.684779 0.033961 0.065465
0 0.772204 0.740413 0.023535 0.086108
0 0.481936 0.350861 0.027221 0.060616
0 0.254021 0.432123 0.017695 0.069432
0 0.316095 0.438191 0.018309 0.056127
0 0.488057 0.633163 0.021967 0.066795
0 0.535523 0.357295 0.019918 0.063310
0 0.546472 0.484004 0.020873 0.085011
0 0.522569 0.493891 0.017448 0.057779
0 0.608831 0.653345 0.025519 0.063044
0 0.566829 0.567857 0.019523 0.064404
0 0.500515 0.493106 0.019761 0.060782
0 0.297496 0.550766 0.018646 0.083598
0 0.613899 0.551553 0.017595 0.055261
0 0.595530 0.631242 0.018215 0.066151
0 0.573162 0.397461 0.024146 0.040876
0 0.569494 0.507156 0.015767 0.051576
