0 0.389088 0.800263 0.044816 0.211892
0 0.597318 0.516527 0.051629 0.209246
0 0.033703 0.459446 0.046740 0.190971
0 0.337193 0.436455 0.053318 0.187487
0 0.022115 0.723456 0.044229 0.192955
0 0.531234 0.586344 0.057272 0.195205
0 0.778431 0.495057 0.040430 0.200114
0 0.162764 0.439167 0.048657 0.186542
0 0.446918 0.568708 0.045639 0.198916
0 0.349212 0.652461 0.037303 0.209549
0 0.277954 0.797142 0.052696 0.203910
0 0.422901 0.517575 0.038658 0.204589
0 0.351575 0.211396 0.042925 0.187818
0 0.561057 0.473624 0.036043 0.192537
0 0.233714 0.477297 0.044359 0.200664
0 0.535967 0.435942 0.033114 0.193224
0 0.046276 0.243022 0.043851 0.188413
0 0.179273 0.758405 0.045466 0.200093
0 0.901288 0.137149 0.038954 0.172829
0 0.298567 0.537653 0.047473 0.214379
0 0.313322 0.634179 0.045539 0.208395
0 0.138647 0.270476 0.038629 0.187971
0 0.209475 0.411790 0.038221 0.195955
0 0.589078 0.155749 0.035652 0.116512
0 0.184751 0.207833 0.039488 0.186840
0 0.098743 0.247919 0.043535 0.186892
0 0.587289 0.259589 0.067281 0.112535
0 0.875771 0.226549 0.043441 0.096081
0 0.521844 0.188106 0.032555 0.191907
0 0.806828 0.156838 0.033855 0.175111
0 0.454869 0.238472 0.047718 0.109916
0 0.288187 0.223065 0.032561 0.175045
0 0.948918 0.106926 0.036965 0.199096
0 0.483931 0.170590 0.032337 0.181188
0 0.683250 0.165413 0.045809 0.169058
0 0.780033 0.464213 0.037816 0.137717
0 0.876650 0.209076 0.042096 0.061355
0 0.723926 0.162326 0.032043 0.180793
0 0.297445 0.501177 0.044315 0.139715
