0 0.226667 0.454007 0.056736 0.186379
0 0.362516 0.399803 0.045581 0.178289
0 0.699772 0.342229 0.043344 0.175434
0 0.923087 0.808446 0.054045 0.189736
0 0.327566 0.345781 0.034255 0.189650
0 0.627769 0.182416 0.038538 0.172784
0 0.375045 0.161069 0.047851 0.174861
0 0.098241 0.428109 0.047687 0.184343
0 0.880242 0.187155 0.035440 0.116846
0 0.389862 0.322544 0.041527 0.186576
0 0.267645 0.284698 0.042357 0.194914
0 0.065439 0.194212 0.041562 0.178758
0 0.469177 0.503118 0.040412 0.148710
0 0.193132 0.359713 0.037551 0.189587
0 0.476364 0.337114 0.053440 0.185880
0 0.196610 0.118025 0.040434 0.142893
0 0.474153 0.467245 0.050673 0.218249
0 0.298235 0.134603 0.041465 0.114170
0 0.219017 0.272421 0.037505 0.189407
0 0.296825 0.248150 0.037282 0.177436
0 0.157901 0.286706 0.046594 0.184652
0 0.488773 0.379845 0.030222 0.170594
0 0.363465 0.374031 0.044383 0.128059
0 0.167036 0.199330 0.045336 0.198038
0 0.468996 0.331325 0.039272 0.171606
0 0.162611 0.235688 0.054369 0.269722
0 0.168726 0.165780 0.042296 0.129786
0 0.191734 0.132777 0.031927 0.111302
0 0.298287 0.271547 0.034508 0.130276
0 0.220043 0.249481 0.034714 0.141989
0 0.397561 0.325262 0.027476 0.183899
0 0.631986 0.194280 0.030601 0.034797
