0 0.641425 0.283980 0.031140 0.085317
0 0.570073 0.385019 0.029335 0.098986
0 0.619851 0.351255 0.034251 0.083707
0 0.288750 0.339970 0.024430 0.084647
0 0.622708 0.153965 0.035121 0.073574
0 0.575385 0.612050 0.032830 0.110151
0 0.288426 0.627076 0.022476 0.100928
0 0.430594 0.141861 0.019769 0.076575
0 0.644384 0.573738 0.033043 0.083697
0 0.542126 0.280263 0.018905 0.075404
0 0.564263 0.548821 0.030019 0.070301
0 0.742489 0.526753 0.017530 0.105130
0 0.633214 0.440247 0.032586 0.061645
0 0.475624 0.391273 0.019905 0.067435
0 0.728199 0.498913 0.020543 0.101445
0 0.613343 0.519001 0.036584 0.075714
0 0.638263 0.568763 0.022295 0.081342
0 0.630952 0.473503 0.030898 0.043038
0 0.631169 0.537897 0.027384 0.082055
0 0.736374 0.524732 0.026979 0.103752
0 0.575320 0.471617 0.030190 0.052291
0 0.621139 0.543405 0.026758 0.069975
