0 0.946999 0.643109 0.048271 0.171336
0 0.436595 0.434898 0.056750 0.132066
0 0.117129 0.450923 0.045399 0.152024
0 0.522069 0.377179 0.043312 0.169759
0 0.523324 0.671279 0.065010 0.166047
0 0.399599 0.478805 0.040741 0.166142
0 0.451278 0.571939 0.060224 0.163345
0 0.236606 0.469088 0.041423 0.164124
0 0.392162 0.768581 0.048714 0.166904
0 0.481992 0.595960 0.048070 0.169955
0 0.579650 0.576876 0.066208 0.143910
0 0.526294 0.543751 0.045696 0.117043
0 0.554598 0.639065 0.050004 0.120206
0 0.381203 0.717398 0.045228 0.132870
0 0.580116 0.555714 0.065683 0.101676
0 0.506666 0.563007 0.025226 0.114022
0 0.560699 0.576691 0.032253 0.068646
0 0.533844 0.558457 0.034049 0.097645
0 0.248599 0.457568 0.024134 0.138992
0 0.396218 0.457935 0.034656 0.123595
