0 0.785901 0.664370 0.037290 0.165082
0 0.353854 0.705704 0.032760 0.167496
0 0.464896 0.239919 0.031143 0.129847
0 0.027020 0.565226 0.036737 0.149470
0 0.462553 0.537969 0.041486 0.149371
0 0.567264 0.603874 0.050995 0.153783
0 0.493835 0.513214 0.025978 0.113011
0 0.580448 0.449726 0.027525 0.118116
0 0.554789 0.604722 0.026545 0.152287
0 0.479017 0.176054 0.027837 0.076461
0 0.576778 0.574284 0.032865 0.107136
0 0.527096 0.552766 0.033194 0.077572
0 0.597457 0.550895 0.047315 0.079841
0 0.581783 0.570115 0.025128 0.111015
0 0.557355 0.513147 0.030937 0.086406
0 0.571681 0.575967 0.039871 0.119351
0 0.584680 0.539640 0.024894 0.058665
0 0.579440 0.431441 0.028489 0.081565
0 0.458494 0.547932 0.033037 0.128218
