0 0.331010 0.308591 0.038539 0.095541
0 0.483878 0.405962 0.031900 0.102488
0 0.527633 0.508477 0.040550 0.108571
0 0.468265 0.192224 0.022496 0.099688
0 0.325862 0.476512 0.033522 0.109040
0 0.752393 0.376548 0.040232 0.095534
0 0.773831 0.446582 0.027606 0.088165
0 0.569827 0.469732 0.040127 0.108879
0 0.669885 0.494075 0.031420 0.082117
0 0.651494 0.437247 0.034043 0.127526
0 0.579821 0.311266 0.028415 0.054704
0 0.655017 0.323311 0.043588 0.078536
0 0.589150 0.331047 0.033846 0.053532
0 0.612414 0.387569 0.034941 0.068139
0 0.638005 0.342278 0.028447 0.058061
0 0.667335 0.292456 0.031835 0.064530
0 0.647043 0.313151 0.035165 0.069511
0 0.576202 0.394590 0.043819 0.093521
0 0.567156 0.398529 0.030113 0.080712
0 0.642289 0.369075 0.037233 0.096466
0 0.592936 0.275548 0.031347 0.050886
0 0.575930 0.316465 0.033278 0.065506
0 0.652097 0.379846 0.027603 0.079402
0 0.579876 0.448204 0.025192 0.069193
0 0.563406 0.476097 0.027670 0.099333
0 0.592525 0.391132 0.073988 0.082903
0 0.648928 0.373747 0.035051 0.084558
0 0.535369 0.508030 0.025634 0.105438
0 0.332754 0.297724 0.034483 0.074860
0 0.605029 0.368601 0.029242 0.107916
0 0.585346 0.337414 0.040274 0.055118
0 0.615688 0.398398 0.030439 0.084251
0 0.768901 0.443920 0.032365 0.087883
0 0.589086 0.344838 0.036255 0.069696
