0 0.534551 0.837465 0.044767 0.118079
0 0.618627 0.498814 0.037221 0.101961
0 0.581107 0.639407 0.037615 0.095876
0 0.723394 0.238019 0.039943 0.092370
0 0.264315 0.765691 0.036112 0.104167
0 0.412201 0.592366 0.027531 0.102780
0 0.785940 0.342045 0.030236 0.093574
0 0.535106 0.481963 0.026323 0.098582
0 0.766743 0.385867 0.029396 0.108171
0 0.574167 0.504201 0.034660 0.080004
0 0.582097 0.248501 0.020001 0.088718
0 0.547458 0.336851 0.033144 0.084260
0 0.702729 0.325641 0.040288 0.076862
0 0.579375 0.438021 0.044850 0.083291
0 0.629913 0.323987 0.041999 0.057065
0 0.674859 0.233083 0.026900 0.060441
0 0.656256 0.278951 0.035092 0.071011
0 0.680509 0.356545 0.033097 0.063488
0 0.656522 0.432835 0.035800 0.091770
0 0.604138 0.388998 0.043494 0.054719
0 0.656569 0.368913 0.036109 0.058128
0 0.664791 0.278930 0.030423 0.072968
0 0.573825 0.441754 0.034293 0.075299
