0 0.569430 0.347386 0.049058 0.145128
0 0.397435 0.534442 0.061600 0.145992
0 0.786203 0.408591 0.047259 0.148372
0 0.711723 0.351772 0.062738 0.163086
0 0.654225 0.387808 0.045929 0.170994
0 0.447621 0.512636 0.062131 0.131143
0 0.933223 0.360741 0.055384 0.125329
0 0.844804 0.525933 0.065724 0.180518
0 0.493373 0.590728 0.040207 0.131640
0 0.515431 0.474732 0.042509 0.097550
0 0.502998 0.532895 0.047740 0.111252
0 0.889648 0.246069 0.038137 0.167095
0 0.985334 0.378240 0.028728 0.175051
0 0.568278 0.568347 0.057194 0.151812
0 0.677106 0.191120 0.035613 0.150867
0 0.921214 0.239490 0.038805 0.129253
0 0.532197 0.554752 0.031694 0.082419
0 0.702158 0.240712 0.026396 0.076130
0 0.711223 0.340752 0.059418 0.116237
0 0.558901 0.568514 0.039616 0.151981
0 0.518102 0.536659 0.030691 0.107383
0 0.712347 0.278966 0.050505 0.151105
0 0.825527 0.474507 0.029308 0.088552
0 0.849320 0.488375 0.051011 0.106324
0 0.565075 0.332845 0.040417 0.115159
0 0.927347 0.351964 0.043325 0.105774
0 0.550146 0.574704 0.056362 0.138473
0 0.556106 0.559540 0.030076 0.132940
