0 0.792333 0.808553 0.043790 0.103448
0 0.696616 0.630130 0.037930 0.094390
0 0.520725 0.675583 0.036511 0.105984
0 0.633445 0.505460 0.037976 0.096779
0 0.301562 0.553612 0.020112 0.104493
0 0.426551 0.378468 0.024611 0.092106
0 0.475159 0.154804 0.038016 0.085318
0 0.500764 0.355854 0.034700 0.079581
0 0.651286 0.329570 0.023301 0.087191
0 0.111916 0.404843 0.021988 0.096221
0 0.489736 0.300723 0.021264 0.096267
0 0.533703 0.845665 0.027163 0.111403
0 0.835674 0.230202 0.015833 0.090232
0 0.532176 0.431452 0.043580 0.061011
0 0.460262 0.490798 0.020531 0.087849
0 0.325716 0.173564 0.020135 0.086128
0 0.559841 0.476134 0.025996 0.101793
0 0.616983 0.362222 0.017505 0.095151
0 0.605407 0.434108 0.031728 0.068006
0 0.585922 0.424229 0.019284 0.061315
0 0.562736 0.326068 0.030870 0.043519
0 0.567336 0.384695 0.026870 0.054671
0 0.392442 0.037648 0.023441 0.074707
0 0.583780 0.404162 0.019864 0.055270
