0 0.414302 0.736443 0.044123 0.104407
0 0.618406 0.804260 0.057810 0.096646
0 0.732791 0.210827 0.044716 0.085160
0 0.690672 0.720510 0.047871 0.106706
0 0.570000 0.813697 0.030648 0.100921
0 0.707227 0.371625 0.042608 0.089345
0 0.628725 0.478881 0.026665 0.085037
0 0.307640 0.576219 0.029529 0.089567
0 0.623610 0.679882 0.029300 0.079976
0 0.506749 0.197452 0.024677 0.080724
0 0.718670 0.551747 0.028030 0.098371
0 0.778270 0.695780 0.028546 0.112808
0 0.667542 0.511454 0.036007 0.066894
0 0.630180 0.744462 0.040568 0.095454
0 0.583196 0.359967 0.026481 0.084689
0 0.692050 0.586014 0.033902 0.089499
0 0.639382 0.587161 0.042970 0.094157
0 0.787860 0.645344 0.022773 0.112880
0 0.669928 0.601808 0.034471 0.079881
0 0.665150 0.658658 0.041720 0.093292
0 0.658905 0.677122 0.028374 0.055338
0 0.663365 0.471286 0.031663 0.054693
0 0.666445 0.589675 0.021747 0.055154
0 0.668710 0.623865 0.037693 0.114258
0 0.679883 0.699804 0.026699 0.079725
0 0.669713 0.589877 0.030184 0.051417
0 0.708766 0.084647 0.032768 0.084022
0 0.674883 0.664733 0.028670 0.121723
0 0.673461 0.617545 0.028030 0.055390
0 0.610579 0.799397 0.038795 0.093208
