0 0.597532 0.270492 0.047434 0.254887
0 0.724612 0.599221 0.044654 0.264230
0 0.209886 0.772065 0.061743 0.298542
0 0.480433 0.081608 0.051632 0.162373
0 0.428782 0.560486 0.083333 0.175698
0 0.397257 0.341791 0.065099 0.270887
0 0.346023 0.367048 0.057809 0.278928
0 0.571511 0.430847 0.045052 0.147575
0 0.577688 0.622545 0.060460 0.281505
0 0.496098 0.544599 0.046592 0.134273
0 0.425612 0.530411 0.076835 0.114092
0 0.556137 0.519758 0.054126 0.192280
0 0.515148 0.691831 0.088734 0.142815
0 0.471163 0.680641 0.080958 0.286017
0 0.386304 0.699379 0.145002 0.143254
