0 0.608800 0.583488 0.037420 0.147153
0 0.538025 0.786323 0.043070 0.148700
0 0.687405 0.662967 0.034230 0.143894
0 0.293123 0.315322 0.042964 0.127244
0 0.146128 0.507311 0.041008 0.139477
0 0.725143 0.747388 0.026938 0.156131
0 0.468737 0.450861 0.044747 0.086953
0 0.664954 0.459120 0.025339 0.140807
0 0.320839 0.426196 0.039908 0.109148
0 0.418151 0.239529 0.027621 0.127435
0 0.286868 0.535641 0.028369 0.142743
0 0.574149 0.718924 0.050784 0.127852
0 0.371081 0.453409 0.047748 0.102945
0 0.430103 0.366933 0.029250 0.141664
0 0.406559 0.493151 0.047081 0.102915
0 0.917127 0.356480 0.029587 0.135689
0 0.294648 0.663693 0.035966 0.139073
0 0.478660 0.322662 0.021270 0.137799
0 0.524137 0.521776 0.048161 0.090985
0 0.251079 0.490123 0.036359 0.122913
0 0.612462 0.485024 0.026746 0.126839
0 0.447729 0.543257 0.040983 0.135009
0 0.456612 0.486815 0.022869 0.024970
0 0.595957 0.411128 0.031280 0.119714
0 0.462192 0.584309 0.040683 0.108200
0 0.978903 0.238014 0.041066 0.122676
0 0.455802 0.505976 0.028845 0.064268
0 0.454682 0.498520 0.029510 0.047740
0 0.608101 0.454051 0.024642 0.088374
0 0.410418 0.494428 0.035618 0.081474
0 0.942238 0.152838 0.026506 0.115977
0 0.592303 0.415865 0.022060 0.111416
