0 0.861530 0.444442 0.052009 0.169678
0 0.668206 0.596145 0.043104 0.172024
0 0.266706 0.332203 0.035667 0.164853
0 0.592263 0.512429 0.040260 0.191593
0 0.561643 0.351099 0.038606 0.183484
0 0.797225 0.521623 0.040520 0.172203
0 0.717681 0.359669 0.033684 0.144441
0 0.561967 0.598625 0.034378 0.188646
0 0.158353 0.406984 0.026629 0.162486
0 0.349573 0.459364 0.044052 0.188269
0 0.435919 0.513608 0.043599 0.187911
0 0.458462 0.583043 0.034999 0.179146
0 0.471980 0.360833 0.028996 0.140671
0 0.492947 0.510944 0.027856 0.177171
0 0.415566 0.472242 0.038210 0.180773
0 0.381841 0.503052 0.040974 0.177916
0 0.443775 0.366351 0.026902 0.108861
0 0.389218 0.363873 0.035498 0.142827
0 0.008735 0.601860 0.017424 0.151631
0 0.367123 0.460014 0.023280 0.152703
0 0.466214 0.486546 0.030526 0.119823
