0 0.777401 0.778075 0.056291 0.096830
0 0.667153 0.399421 0.036514 0.092635
0 0.540584 0.557634 0.025170 0.110909
0 0.380342 0.430478 0.031518 0.101516
0 0.621489 0.468901 0.043367 0.094986
0 0.509158 0.329476 0.027867 0.099940
0 0.742412 0.664235 0.043063 0.091432
0 0.646920 0.586059 0.047541 0.072479
0 0.679002 0.734742 0.044695 0.084636
0 0.697954 0.801946 0.029761 0.092933
0 0.491313 0.666771 0.022156 0.116079
0 0.168926 0.557682 0.024454 0.100205
0 0.616232 0.187336 0.036904 0.095277
0 0.656857 0.327774 0.033825 0.092856
0 0.659990 0.662353 0.052075 0.079490
0 0.524527 0.190860 0.019813 0.096339
0 0.821167 0.557471 0.045361 0.139599
0 0.539066 0.054644 0.021790 0.094883
0 0.703938 0.581699 0.038531 0.048027
0 0.720993 0.633322 0.034008 0.072824
0 0.705173 0.520200 0.037206 0.065848
0 0.658982 0.337899 0.029624 0.078722
0 0.830378 0.574752 0.027444 0.105751
0 0.695413 0.599845 0.025582 0.084707
0 0.813100 0.527011 0.030494 0.081473
0 0.590366 0.034899 0.021980 0.069799
0 0.767013 0.769609 0.035657 0.081171
0 0.276168 0.049728 0.019895 0.098392
0 0.707434 0.569339 0.039631 0.072442
