0 0.487554 0.500954 0.060753 0.123505
0 0.712250 0.686093 0.035442 0.134799
0 0.650386 0.710392 0.036636 0.148527
0 0.244273 0.254657 0.057955 0.119262
0 0.583058 0.674209 0.036808 0.129836
0 0.430035 0.437714 0.047944 0.093520
0 0.252383 0.508442 0.044417 0.126625
0 0.218579 0.429453 0.051546 0.139569
0 0.472133 0.764686 0.031143 0.155327
0 0.392787 0.333019 0.034377 0.123716
0 0.542168 0.380357 0.022377 0.136676
0 0.698543 0.541008 0.025129 0.136156
0 0.530878 0.686312 0.040775 0.126762
0 0.500126 0.723559 0.037169 0.129776
0 0.290718 0.353891 0.049649 0.118124
0 0.338684 0.284326 0.046437 0.101119
0 0.359984 0.405459 0.042075 0.072806
0 0.533119 0.197684 0.022530 0.127082
0 0.311414 0.235288 0.032753 0.098926
0 0.363853 0.489840 0.060069 0.126434
0 0.323642 0.390596 0.045474 0.096047
0 0.933245 0.279150 0.031929 0.124789
0 0.331431 0.401399 0.056727 0.073240
0 0.891044 0.065765 0.035229 0.130786
0 0.361689 0.480779 0.045348 0.115734
0 0.972801 0.103389 0.035849 0.114618
0 0.967562 0.106939 0.025809 0.108976
0 0.505192 0.717369 0.025637 0.111796
0 0.379636 0.484088 0.029657 0.117835
0 0.348810 0.417342 0.051884 0.083632
0 0.377973 0.454893 0.032480 0.061509
0 0.942296 0.110752 0.023654 0.080761
