0 0.323408 0.772201 0.052581 0.107844
0 0.567044 0.817793 0.036084 0.123067
0 0.224125 0.201456 0.035505 0.090526
0 0.396105 0.501521 0.040427 0.100395
0 0.793751 0.619570 0.024244 0.116960
0 0.722150 0.413972 0.025167 0.109686
0 0.492971 0.382334 0.024449 0.097735
0 0.176095 0.674797 0.030834 0.101375
0 0.446172 0.653536 0.025279 0.120440
0 0.240989 0.704093 0.021237 0.110709
0 0.282375 0.681683 0.038721 0.091159
0 0.294151 0.198346 0.027644 0.084612
0 0.170717 0.609996 0.034605 0.100203
0 0.218091 0.383944 0.039831 0.091827
0 0.285439 0.584043 0.035495 0.059255
0 0.385969 0.735602 0.053272 0.066810
0 0.266741 0.539573 0.045263 0.077985
0 0.361451 0.556711 0.060732 0.078018
0 0.316559 0.620560 0.043572 0.078603
0 0.368914 0.663087 0.049108 0.072117
0 0.333979 0.496245 0.033227 0.068111
0 0.287255 0.669614 0.030448 0.079086
0 0.349833 0.514758 0.032955 0.043945
0 0.279035 0.544533 0.025404 0.083605
0 0.308021 0.625454 0.025918 0.068770
0 0.380463 0.681859 0.028121 0.046655
0 0.234199 0.064689 0.022095 0.087426
0 0.333836 0.637023 0.010818 0.048908
