0 0.260629 0.644975 0.039394 0.098117
0 0.183206 0.818391 0.044381 0.096863
0 0.410270 0.631726 0.018832 0.100535
0 0.451822 0.273688 0.033883 0.082435
0 0.715200 0.328617 0.017307 0.098758
0 0.597708 0.681956 0.025319 0.105233
0 0.411585 0.520240 0.029991 0.080897
0 0.345112 0.490267 0.039631 0.095962
0 0.561508 0.183000 0.015399 0.089796
0 0.461740 0.181960 0.028424 0.077358
0 0.470963 0.379520 0.034842 0.078533
0 0.364134 0.392131 0.021975 0.073085
0 0.431179 0.445809 0.025836 0.066264
0 0.399074 0.424971 0.027575 0.068940
0 0.367304 0.457419 0.029487 0.067965
0 0.401837 0.352683 0.021620 0.063487
0 0.453890 0.461114 0.017507 0.083438
0 0.389374 0.385445 0.021944 0.043815
0 0.085226 0.226869 0.023814 0.091750
0 0.456405 0.439920 0.020241 0.061052
0 0.572964 0.085360 0.021109 0.076506
0 0.478437 0.349671 0.029820 0.055332
0 0.400596 0.412769 0.026545 0.070366
