0 0.680335 0.398032 0.043704 0.107290
0 0.540396 0.512400 0.047035 0.091259
0 0.673654 0.658426 0.036567 0.135819
0 0.313137 0.801857 0.032507 0.128997
0 0.745270 0.239984 0.042952 0.111885
0 0.714805 0.601093 0.038305 0.122321
0 0.378847 0.427266 0.028860 0.118769
0 0.368549 0.580874 0.025956 0.130000
0 0.424656 0.744842 0.032754 0.139347
0 0.669510 0.219997 0.029696 0.110699
0 0.476464 0.591688 0.031904 0.102967
0 0.607557 0.570049 0.054524 0.094272
0 0.200322 0.604981 0.022779 0.132194
0 0.487735 0.355843 0.021189 0.120117
0 0.321022 0.693931 0.030860 0.092859
0 0.462848 0.667189 0.033979 0.109117
0 0.579856 0.610814 0.041921 0.087962
0 0.541320 0.725409 0.043327 0.099092
0 0.551721 0.628500 0.042482 0.057015
0 0.784908 0.044913 0.028664 0.089714
0 0.530476 0.807783 0.043862 0.103351
0 0.548544 0.668207 0.044130 0.064770
0 0.515460 0.766328 0.040835 0.088694
0 0.841170 0.032054 0.027094 0.064107
0 0.552020 0.649417 0.042241 0.097998
0 0.549657 0.682679 0.041101 0.081343
0 0.540539 0.708504 0.044634 0.091378
0 0.469065 0.664671 0.042788 0.108017
