0 0.326614 0.764010 0.052160 0.106860
0 0.565894 0.789902 0.044890 0.124671
0 0.493345 0.367817 0.023414 0.105260
0 0.391529 0.727255 0.049632 0.077550
0 0.468735 0.630363 0.023046 0.118211
0 0.715738 0.414916 0.019463 0.106887
0 0.790128 0.615300 0.020064 0.113050
0 0.382649 0.481100 0.022782 0.106440
0 0.383205 0.638781 0.037283 0.103583
0 0.181366 0.663632 0.025769 0.106814
0 0.271735 0.533147 0.040303 0.075752
0 0.223598 0.380738 0.038795 0.090191
0 0.287295 0.675333 0.041103 0.091925
0 0.215426 0.495596 0.019892 0.095112
0 0.293813 0.188993 0.019500 0.102553
0 0.231307 0.198224 0.022484 0.093360
0 0.288007 0.574730 0.034269 0.057364
0 0.366064 0.531807 0.029265 0.096445
0 0.169318 0.599273 0.018568 0.109123
0 0.344408 0.481065 0.024273 0.067123
0 0.294118 0.619181 0.025759 0.050451
0 0.322997 0.613898 0.036960 0.083254
0 0.382519 0.496747 0.021420 0.080368
0 0.360246 0.499445 0.027511 0.042601
0 0.364281 0.505763 0.031591 0.053605
0 0.311909 0.625350 0.041257 0.067340
0 0.353044 0.494148 0.030556 0.057532
0 0.335525 0.632047 0.013825 0.050656
