0 0.516195 0.666093 0.024982 0.104533
0 0.481897 0.170964 0.023939 0.086850
0 0.373431 0.244914 0.017807 0.091133
0 0.303805 0.166881 0.032764 0.080856
0 0.393797 0.645790 0.037770 0.082129
0 0.603295 0.373067 0.021400 0.098432
0 0.311852 0.246225 0.034726 0.089116
0 0.407089 0.362671 0.034924 0.086953
0 0.465977 0.439706 0.016627 0.096518
0 0.460562 0.562811 0.029217 0.090187
0 0.212452 0.577408 0.030956 0.092826
0 0.217863 0.499369 0.024200 0.094372
0 0.322539 0.376513 0.037510 0.088880
0 0.308769 0.593625 0.038505 0.085303
0 0.341781 0.518682 0.030448 0.079042
0 0.318606 0.471794 0.025341 0.065460
0 0.311758 0.582176 0.031578 0.061902
0 0.379251 0.422115 0.024998 0.070645
0 0.381785 0.517779 0.032786 0.062403
0 0.319701 0.435951 0.031435 0.057386
0 0.310009 0.541047 0.026451 0.044921
0 0.338856 0.488263 0.024098 0.058773
0 0.402142 0.410333 0.025611 0.053629
0 0.405287 0.413097 0.019976 0.052742
0 0.351209 0.032666 0.019382 0.065187
0 0.397382 0.410956 0.017605 0.048247
0 0.321021 0.478564 0.025546 0.064910
