0 0.157816 0.765017 0.051122 0.113272
0 0.467673 0.622401 0.047700 0.108177
0 0.932296 0.482919 0.030969 0.120831
0 0.644318 0.715850 0.024754 0.131164
0 0.371976 0.808728 0.032201 0.149194
0 0.135078 0.550413 0.049065 0.129492
0 0.209084 0.588897 0.039563 0.133522
0 0.137417 0.283898 0.041983 0.123792
0 0.470060 0.489261 0.024398 0.111458
0 0.391667 0.598509 0.057633 0.057882
0 0.650495 0.606569 0.028186 0.124235
0 0.451492 0.578694 0.032621 0.134996
0 0.382621 0.554427 0.031084 0.083507
0 0.454560 0.563031 0.024985 0.099470
0 0.642948 0.530843 0.023332 0.059510
0 0.639832 0.577046 0.018430 0.082342
0 0.647126 0.599238 0.030492 0.106547
0 0.152845 0.756477 0.041229 0.095468
