0 0.703845 0.509380 0.030566 0.075145
0 0.718493 0.583109 0.031175 0.071576
0 0.733425 0.662911 0.038284 0.071200
0 0.762784 0.760634 0.034596 0.080023
0 0.253264 0.634680 0.034257 0.074410
0 0.773756 0.827791 0.034636 0.075694
0 0.115853 0.647314 0.027964 0.074858
0 0.663301 0.337440 0.036019 0.093354
0 0.372325 0.798140 0.029902 0.077324
0 0.350439 0.388496 0.035386 0.060989
0 0.263136 0.300580 0.029314 0.061905
0 0.880217 0.468662 0.024771 0.083156
0 0.329814 0.195003 0.023818 0.057058
0 0.651647 0.259463 0.033068 0.050515
0 0.629461 0.171438 0.034370 0.108352
0 0.133711 0.297935 0.026428 0.055800
0 0.348837 0.503789 0.021423 0.070405
0 0.633003 0.191608 0.027476 0.067461
