0 0.627011 0.444503 0.030070 0.104207
0 0.715124 0.530134 0.028457 0.112931
0 0.490299 0.550245 0.026974 0.111992
0 0.518215 0.441242 0.039502 0.083901
0 0.621547 0.765710 0.027486 0.125415
0 0.011406 0.619998 0.022647 0.113000
0 0.390280 0.273772 0.023630 0.101461
0 0.434635 0.502908 0.054932 0.117563
0 0.504345 0.488298 0.022861 0.045518
0 0.480439 0.484395 0.028873 0.041526
0 0.494879 0.214557 0.034339 0.090163
0 0.434839 0.484022 0.056168 0.082567
0 0.396331 0.173462 0.018424 0.096266
0 0.715803 0.179075 0.026544 0.105398
0 0.145511 0.162254 0.029202 0.098756
0 0.472615 0.488771 0.030040 0.044993
0 0.679650 0.188273 0.024504 0.104151
0 0.289770 0.158306 0.021808 0.100457
0 0.171405 0.159057 0.023047 0.104346
0 0.446608 0.501982 0.031787 0.117659
0 0.926098 0.200383 0.021164 0.110715
