0 0.744298 0.814438 0.041571 0.108180
0 0.586453 0.437509 0.040093 0.105494
0 0.522648 0.487922 0.028325 0.109807
0 0.491556 0.214771 0.019646 0.101307
0 0.615959 0.499926 0.049589 0.070278
0 0.216259 0.355324 0.019148 0.105958
0 0.679976 0.224746 0.035929 0.085798
0 0.316418 0.628379 0.030278 0.118281
0 0.676551 0.813599 0.028604 0.115202
0 0.690711 0.313337 0.029502 0.075578
0 0.648913 0.248197 0.037936 0.089242
0 0.803213 0.432162 0.023816 0.101289
0 0.699423 0.452052 0.039045 0.096940
0 0.652783 0.406370 0.043320 0.070383
0 0.591611 0.311617 0.042167 0.067980
0 0.789520 0.372032 0.020759 0.103147
0 0.680018 0.367218 0.029397 0.064136
0 0.552061 0.388497 0.023317 0.099900
0 0.678029 0.351141 0.033575 0.097406
0 0.571225 0.268310 0.038978 0.113819
0 0.680179 0.426672 0.023177 0.067224
0 0.579159 0.263482 0.025398 0.103460
0 0.559495 0.289352 0.016963 0.074694
0 0.554142 0.377382 0.023267 0.096839
0 0.601911 0.311118 0.023836 0.068846
0 0.580634 0.422859 0.028434 0.075466
