0 0.622393 0.608922 0.046000 0.216195
0 0.450441 0.616559 0.046631 0.235095
0 0.152800 0.534903 0.047429 0.226164
0 0.480685 0.455772 0.060011 0.208696
0 0.273477 0.301650 0.036871 0.236213
0 0.578714 0.532472 0.054802 0.227379
0 0.400669 0.580489 0.051576 0.227813
0 0.601915 0.402956 0.034040 0.196946
0 0.516301 0.574196 0.047346 0.229676
0 0.340340 0.642664 0.040721 0.234718
0 0.058519 0.191438 0.044297 0.218740
0 0.359081 0.381078 0.038727 0.173797
0 0.325239 0.465759 0.035648 0.232301
0 0.347214 0.526156 0.038239 0.184189
0 0.165787 0.457560 0.031672 0.199619
0 0.395615 0.304429 0.034124 0.127719
0 0.393321 0.400055 0.035948 0.112949
0 0.394778 0.344363 0.035423 0.205765
0 0.331664 0.368528 0.034925 0.158174
0 0.332083 0.330269 0.028565 0.091689
0 0.165421 0.417277 0.030556 0.120118
0 0.341268 0.511835 0.043458 0.161083
0 0.327524 0.418245 0.036607 0.152906
0 0.478818 0.419129 0.056988 0.133554
0 0.530752 0.584205 0.018445 0.077639
