0 0.523558 0.721147 0.043373 0.098163
0 0.423793 0.652576 0.027210 0.115851
0 0.287437 0.667070 0.035887 0.111550
0 0.379350 0.490738 0.030061 0.095913
0 0.458936 0.256190 0.021469 0.063270
0 0.380165 0.616616 0.039534 0.101322
0 0.255489 0.619730 0.023812 0.091786
0 0.304537 0.470606 0.038763 0.086118
0 0.758543 0.438145 0.029684 0.069481
0 0.468273 0.158030 0.025958 0.072331
0 0.335099 0.277422 0.031972 0.063348
0 0.351983 0.469734 0.024681 0.071164
0 0.278751 0.453622 0.039337 0.060352
0 0.315458 0.608230 0.032416 0.089353
0 0.133935 0.474055 0.027778 0.078871
0 0.341651 0.608238 0.019810 0.084699
0 0.365546 0.613223 0.019250 0.090785
0 0.498893 0.168559 0.028199 0.068515
0 0.273349 0.644795 0.024913 0.091434
0 0.277305 0.636774 0.026886 0.079232
0 0.271236 0.066128 0.026018 0.063007
0 0.286236 0.445803 0.023987 0.077935
0 0.345363 0.524071 0.025426 0.053592
0 0.369298 0.617449 0.022019 0.093103
0 0.361134 0.593103 0.016180 0.074435
0 0.346063 0.535890 0.026589 0.076853
