0 0.214389 0.442516 0.045375 0.090468
0 0.791485 0.615287 0.019896 0.115214
0 0.757057 0.533682 0.033577 0.091223
0 0.642692 0.739460 0.028789 0.118506
0 0.850367 0.735672 0.023829 0.108022
0 0.779536 0.685773 0.035877 0.102934
0 0.633838 0.481650 0.030381 0.097766
0 0.613016 0.535479 0.038269 0.104591
0 0.407351 0.501365 0.023706 0.099526
0 0.643916 0.604511 0.027775 0.103588
0 0.408132 0.417362 0.027584 0.082208
0 0.829775 0.550754 0.025326 0.077056
0 0.609958 0.407366 0.017393 0.089567
0 0.772296 0.799888 0.028408 0.102371
0 0.851055 0.621780 0.024594 0.109402
0 0.847748 0.614591 0.030135 0.105367
0 0.613134 0.513585 0.036774 0.061443
0 0.855092 0.633865 0.026971 0.086302
0 0.678286 0.351714 0.026171 0.075651
