0 0.689703 0.822142 0.045494 0.110722
0 0.667662 0.612641 0.040467 0.099051
0 0.475908 0.614382 0.024843 0.110365
0 0.584927 0.555157 0.034379 0.103098
0 0.616125 0.185496 0.030474 0.088476
0 0.494345 0.179983 0.029061 0.094490
0 0.547236 0.478623 0.029423 0.107517
0 0.616601 0.297368 0.035307 0.097593
0 0.742679 0.429634 0.026954 0.114042
0 0.713169 0.453076 0.025235 0.097601
0 0.576367 0.328670 0.023467 0.099909
0 0.585116 0.479840 0.038173 0.065078
0 0.653970 0.513844 0.031672 0.077408
0 0.966815 0.271490 0.024192 0.093271
0 0.355643 0.674390 0.019037 0.103306
0 0.541307 0.385992 0.022618 0.098896
0 0.337334 0.469980 0.019181 0.096923
0 0.342274 0.358947 0.022638 0.091016
0 0.583553 0.425563 0.036715 0.050366
0 0.641119 0.478448 0.029725 0.071950
0 0.636175 0.413564 0.033765 0.058582
0 0.620157 0.453930 0.029102 0.077063
0 0.637457 0.367125 0.033597 0.057489
0 0.682908 0.821496 0.032754 0.109814
