0 0.236823 0.673069 0.032894 0.087210
0 0.850066 0.501775 0.032223 0.094787
0 0.422518 0.418447 0.031800 0.075452
0 0.745818 0.570392 0.037472 0.108415
0 0.556534 0.556109 0.028873 0.088109
0 0.522101 0.409463 0.030468 0.078540
0 0.459988 0.311317 0.021105 0.080596
0 0.545215 0.189480 0.022361 0.057984
0 0.581592 0.344777 0.024233 0.066865
0 0.223840 0.281819 0.019451 0.077261
0 0.749903 0.480461 0.025935 0.069706
0 0.529158 0.820699 0.045775 0.099173
0 0.514090 0.800714 0.018938 0.066833
0 0.682320 0.494255 0.028588 0.103681
0 0.700618 0.500769 0.018694 0.103851
0 0.757393 0.433221 0.032313 0.070229
0 0.527783 0.173589 0.024048 0.067325
0 0.755673 0.422476 0.035368 0.089949
0 0.719882 0.495512 0.021652 0.084003
0 0.514503 0.814295 0.019253 0.088943
0 0.620795 0.052921 0.024329 0.071006
0 0.745149 0.537421 0.025699 0.052696
0 0.742650 0.564678 0.027428 0.095491
0 0.532747 0.805898 0.038320 0.117064
