0 0.131036 0.522415 0.042709 0.155915
0 0.487626 0.449342 0.041779 0.147248
0 0.293306 0.608552 0.045491 0.114335
0 0.831691 0.470281 0.038218 0.152217
0 0.578689 0.638803 0.066140 0.124218
0 0.956803 0.450814 0.026796 0.145738
0 0.723191 0.670074 0.061003 0.126149
0 0.696354 0.591789 0.063526 0.124138
0 0.686713 0.519771 0.048657 0.055709
0 0.582517 0.398198 0.037864 0.088170
0 0.560715 0.518331 0.068159 0.110847
0 0.644177 0.481698 0.041885 0.088434
0 0.539518 0.465113 0.051598 0.085302
0 0.616919 0.431772 0.045876 0.078465
0 0.598612 0.540504 0.052722 0.078039
0 0.714328 0.598099 0.070195 0.131510
0 0.599720 0.480235 0.032244 0.079686
0 0.593093 0.547700 0.042811 0.058166
0 0.700870 0.580222 0.053483 0.106821
0 0.609302 0.377701 0.020659 0.085056
0 0.005691 0.696346 0.011284 0.148683
0 0.596710 0.613359 0.047989 0.119731
0 0.607417 0.607055 0.036197 0.101306
0 0.623781 0.432219 0.034275 0.081359
0 0.560266 0.478016 0.039506 0.094220
0 0.715116 0.641568 0.050061 0.079649
