0 0.594367 0.500984 0.044033 0.118717
0 0.767430 0.275317 0.041971 0.094841
0 0.475397 0.560532 0.025390 0.116140
0 0.511573 0.205641 0.024324 0.104407
0 0.527420 0.842891 0.028421 0.125508
0 0.864593 0.444200 0.031133 0.103743
0 0.675556 0.492223 0.036178 0.091107
0 0.221344 0.407939 0.023973 0.111029
0 0.522723 0.340990 0.026359 0.099650
0 0.712161 0.289112 0.036947 0.093831
0 0.614859 0.262151 0.020703 0.105595
0 0.503715 0.427099 0.030378 0.096021
0 0.643082 0.326196 0.028929 0.072069
0 0.784653 0.396560 0.029319 0.088815
0 0.684406 0.444386 0.030984 0.043803
0 0.617794 0.361945 0.030019 0.081507
0 0.802751 0.424623 0.019035 0.116649
0 0.607754 0.419207 0.035201 0.067127
0 0.698489 0.401043 0.044362 0.059556
0 0.703242 0.359743 0.033544 0.068322
0 0.660740 0.426881 0.037001 0.072752
0 0.702280 0.381657 0.044370 0.096222
