0 0.697032 0.505579 0.019381 0.063112
0 0.547703 0.534572 0.017806 0.077477
0 0.179899 0.499827 0.017207 0.065098
0 0.637278 0.489186 0.014762 0.061196
0 0.670989 0.420220 0.022960 0.058571
0 0.080015 0.509504 0.018387 0.069835
0 0.683284 0.742647 0.025598 0.059990
0 0.139639 0.497752 0.016717 0.048291
0 0.518870 0.401221 0.017185 0.057691
0 0.239703 0.477399 0.020369 0.059541
0 0.763911 0.828040 0.016701 0.072580
0 0.260652 0.477362 0.028472 0.046684
0 0.078710 0.458087 0.025154 0.057524
0 0.117572 0.519909 0.018934 0.078155
0 0.480106 0.422514 0.014058 0.045665
0 0.110193 0.470943 0.017055 0.030195
0 0.119145 0.422161 0.028028 0.062948
