0 0.505628 0.612480 0.030025 0.124617
0 0.729147 0.649793 0.020401 0.082309
0 0.738689 0.404118 0.021725 0.078842
0 0.523180 0.458805 0.022227 0.069861
0 0.545281 0.809889 0.019234 0.085927
0 0.428435 0.239934 0.024110 0.058623
0 0.094475 0.447358 0.031577 0.063320
0 0.484424 0.809980 0.017945 0.084822
0 0.240855 0.490352 0.023126 0.052650
0 0.461158 0.252931 0.025527 0.059211
0 0.138754 0.388026 0.023950 0.061913
0 0.464293 0.430575 0.023518 0.057783
0 0.110190 0.375736 0.020272 0.050099
0 0.305417 0.485203 0.027813 0.066588
0 0.178668 0.472869 0.025332 0.075947
0 0.278319 0.483873 0.037442 0.084261
0 0.286617 0.443250 0.023012 0.053273
0 0.272949 0.486008 0.026736 0.078261
0 0.194319 0.453819 0.018589 0.080927
0 0.483547 0.486013 0.029026 0.063557
0 0.180672 0.418087 0.022254 0.053622
0 0.273415 0.421205 0.018973 0.053477
0 0.505715 0.631907 0.029383 0.085166
0 0.186404 0.431208 0.019874 0.085569
0 0.289762 0.485932 0.057875 0.073446
