0 0.516609 0.559092 0.047169 0.170393
0 0.693512 0.389570 0.037761 0.151076
0 0.516361 0.259381 0.041558 0.171092
0 0.491108 0.507200 0.031872 0.167758
0 0.650564 0.275707 0.030122 0.169321
0 0.333023 0.229639 0.044512 0.169174
0 0.878866 0.337441 0.037426 0.160764
0 0.587716 0.264684 0.030877 0.170848
0 0.456398 0.255092 0.029659 0.158101
0 0.409578 0.238775 0.036205 0.170435
0 0.160411 0.176765 0.039939 0.151841
0 0.786934 0.314858 0.040396 0.164269
0 0.237133 0.178128 0.034103 0.148049
0 0.503211 0.433736 0.028182 0.123028
0 0.725403 0.277134 0.036012 0.194131
0 0.305238 0.189889 0.040864 0.154567
0 0.058312 0.222681 0.028993 0.173700
0 0.518560 0.528894 0.042347 0.104596
0 0.814391 0.154731 0.036412 0.106669
0 0.510637 0.434805 0.043036 0.124227
0 0.502413 0.416447 0.027132 0.089060
