0 0.498855 0.662455 0.036590 0.094479
0 0.246026 0.476079 0.023607 0.081657
0 0.528892 0.672932 0.028488 0.081859
0 0.379709 0.738768 0.026388 0.098932
0 0.160918 0.513173 0.032099 0.098196
0 0.334896 0.436726 0.026406 0.086477
0 0.301778 0.434631 0.024962 0.091313
0 0.275660 0.696006 0.039648 0.062298
0 0.222716 0.309786 0.027203 0.088429
0 0.151306 0.265193 0.023870 0.086772
0 0.117756 0.273715 0.020233 0.095874
0 0.340703 0.567525 0.036889 0.086521
0 0.058664 0.445370 0.030220 0.077922
0 0.413451 0.504496 0.024637 0.073652
0 0.556522 0.262959 0.020044 0.078862
0 0.290905 0.446228 0.011916 0.059921
0 0.453643 0.120287 0.018630 0.076147
0 0.644896 0.538791 0.025722 0.065614
0 0.179409 0.470076 0.023129 0.093995
0 0.428625 0.112780 0.015865 0.083930
0 0.636609 0.775733 0.039305 0.112468
0 0.625447 0.301087 0.022100 0.085078
0 0.295435 0.449343 0.020511 0.063362
0 0.640827 0.768732 0.031925 0.096719
