0 0.945712 0.535768 0.063444 0.214971
0 0.931118 0.834852 0.054857 0.304808
0 0.388900 0.483893 0.072700 0.259621
0 0.395311 0.244764 0.070452 0.233880
0 0.494598 0.375186 0.055214 0.286985
0 0.966478 0.754006 0.065674 0.267373
0 0.018919 0.189233 0.037838 0.268616
0 0.380700 0.154702 0.047233 0.242524
0 0.396054 0.213369 0.067219 0.170336
0 0.445688 0.583149 0.089260 0.157154
0 0.105421 0.132091 0.049673 0.250417
0 0.465748 0.527906 0.056550 0.273339
0 0.670739 0.065729 0.051536 0.129233
0 0.154630 0.472498 0.060050 0.252438
0 0.915233 0.052425 0.046497 0.104629
0 0.832506 0.084409 0.047310 0.165490
0 0.733789 0.064245 0.043022 0.125717
0 0.046009 0.142784 0.041452 0.249512
0 0.096928 0.560481 0.076575 0.258469
0 0.952748 0.523571 0.049196 0.182749
0 0.474891 0.073898 0.038714 0.147338
0 0.865246 0.604415 0.102956 0.228288
0 0.419426 0.568802 0.036264 0.128737
0 0.548508 0.067182 0.041139 0.132597
