0 0.910685 0.532361 0.039294 0.110196
0 0.170625 0.444521 0.042666 0.086504
0 0.594737 0.698410 0.026035 0.100115
0 0.430855 0.404343 0.040722 0.100685
0 0.368260 0.668584 0.024974 0.103577
0 0.373521 0.397011 0.033518 0.077076
0 0.485989 0.590886 0.033353 0.102905
0 0.317460 0.533957 0.029756 0.091204
0 0.499517 0.584571 0.021198 0.094525
0 0.472194 0.478630 0.025832 0.100307
0 0.506498 0.466223 0.028420 0.087571
0 0.508213 0.352683 0.035196 0.078011
0 0.529410 0.453584 0.031231 0.090339
0 0.365893 0.480354 0.038733 0.103795
0 0.371506 0.493605 0.027136 0.083190
0 0.363147 0.617880 0.023682 0.072514
0 0.457818 0.488776 0.016093 0.095070
0 0.043873 0.035751 0.027237 0.070744
0 0.942613 0.106578 0.021685 0.075045
0 0.428868 0.588527 0.029489 0.062714
0 0.427346 0.353467 0.024576 0.081178
0 0.430111 0.562274 0.031144 0.113107
0 0.511659 0.461285 0.038481 0.097111
0 0.359405 0.621001 0.029007 0.077293
0 0.434730 0.540166 0.021524 0.068611
0 0.499467 0.351537 0.020037 0.073864
0 0.371927 0.453092 0.031841 0.071373
0 0.515480 0.352830 0.021428 0.075747
0 0.436265 0.395653 0.028461 0.103507
