0 0.551739 0.723993 0.040438 0.133655
0 0.719578 0.245571 0.047782 0.098185
0 0.681074 0.379352 0.042943 0.109217
0 0.590934 0.430243 0.046140 0.106294
0 0.795874 0.631304 0.021765 0.133447
0 0.388145 0.318793 0.034571 0.101339
0 0.504900 0.497784 0.027523 0.117071
0 0.773903 0.579771 0.021389 0.134539
0 0.463492 0.633021 0.031245 0.122913
0 0.647170 0.208398 0.024497 0.105570
0 0.373957 0.762831 0.025530 0.138288
0 0.681853 0.499204 0.049878 0.086360
0 0.571133 0.626723 0.046229 0.068908
0 0.656461 0.757813 0.048425 0.120714
0 0.147222 0.496330 0.032603 0.115794
0 0.534958 0.396160 0.028355 0.101252
0 0.581322 0.555287 0.043802 0.079094
0 0.663627 0.546475 0.042099 0.066274
0 0.638142 0.712084 0.046385 0.090355
0 0.568320 0.574412 0.020219 0.041093
0 0.637140 0.569433 0.040034 0.046210
0 0.646094 0.619137 0.042882 0.068839
0 0.663448 0.759707 0.034980 0.116426
0 0.776313 0.599947 0.024449 0.099330
0 0.644086 0.642953 0.041097 0.073648
0 0.652003 0.614138 0.032514 0.078037
0 0.653963 0.655369 0.023960 0.061067
0 0.641295 0.718107 0.033547 0.077802
