0 0.310002 0.375422 0.045248 0.095690
0 0.397626 0.497023 0.036626 0.094318
0 0.479457 0.675909 0.025950 0.098514
0 0.491094 0.452960 0.041071 0.066646
0 0.026318 0.488453 0.030449 0.119594
0 0.303303 0.176112 0.021548 0.089985
0 0.084582 0.208988 0.032865 0.093743
0 0.247841 0.383307 0.025785 0.073732
0 0.334854 0.177968 0.029111 0.046543
0 0.218848 0.230900 0.026063 0.088394
0 0.786514 0.463907 0.020586 0.090509
0 0.536976 0.722796 0.019603 0.057605
0 0.124858 0.221004 0.022424 0.089910
0 0.311543 0.342983 0.011372 0.029916
0 0.397371 0.793502 0.019006 0.092546
0 0.467767 0.514917 0.034674 0.055151
