0 0.519619 0.338539 0.022110 0.096062
0 0.311612 0.221936 0.033418 0.084074
0 0.745291 0.829415 0.034856 0.091397
0 0.526171 0.241663 0.021664 0.084770
0 0.435259 0.427831 0.039262 0.080346
0 0.547214 0.482700 0.026914 0.099859
0 0.610067 0.308651 0.031807 0.089728
0 0.682625 0.405574 0.037247 0.087754
0 0.557569 0.325166 0.025472 0.076187
0 0.165366 0.356729 0.021078 0.090132
0 0.675771 0.823115 0.031198 0.102404
0 0.671600 0.338145 0.021397 0.088223
0 0.455414 0.226936 0.023495 0.082523
0 0.650307 0.382555 0.029553 0.067584
0 0.753628 0.257082 0.023810 0.062756
0 0.994058 0.183840 0.011060 0.096881
0 0.729196 0.314985 0.022700 0.093297
0 0.578032 0.282351 0.028517 0.062721
0 0.584433 0.261329 0.042819 0.108960
0 0.647201 0.375751 0.033992 0.073815
0 0.639247 0.353225 0.030609 0.104808
0 0.738656 0.315511 0.037627 0.075332
0 0.605112 0.240537 0.018952 0.066135
0 0.746492 0.317819 0.021719 0.054143
0 0.582422 0.274656 0.038082 0.083073
