0 0.817939 0.627111 0.030195 0.076365
0 0.668413 0.611268 0.031461 0.079480
0 0.177611 0.838008 0.033863 0.084175
0 0.126840 0.376769 0.020340 0.073608
0 0.589445 0.797378 0.030924 0.084715
0 0.277075 0.166307 0.032235 0.091639
0 0.221930 0.569626 0.031783 0.074458
0 0.664480 0.286201 0.029410 0.056734
0 0.193627 0.744440 0.037942 0.068055
0 0.206338 0.650235 0.038550 0.066610
0 0.567906 0.505105 0.031660 0.066776
0 0.250144 0.350447 0.030101 0.073979
0 0.575232 0.186375 0.022135 0.049265
0 0.576710 0.387385 0.020310 0.060466
0 0.780687 0.301704 0.027314 0.064780
0 0.226938 0.520177 0.034887 0.062014
0 0.265453 0.296718 0.027727 0.064981
0 0.448866 0.071262 0.014436 0.064306
0 0.270422 0.247490 0.022463 0.045879
