0 0.463730 0.802367 0.041645 0.113098
0 0.364406 0.653522 0.049927 0.107128
0 0.243060 0.718381 0.050826 0.118860
0 0.462411 0.546076 0.032937 0.106822
0 0.801700 0.355189 0.026808 0.112232
0 0.320667 0.221723 0.041297 0.092746
0 0.355268 0.712419 0.029168 0.104847
0 0.772812 0.687258 0.022848 0.129874
0 0.289232 0.673064 0.050146 0.108330
0 0.372889 0.569788 0.050105 0.076265
0 0.392162 0.231237 0.030798 0.088368
0 0.186056 0.488633 0.032423 0.112673
0 0.298281 0.432627 0.039395 0.068105
0 0.160272 0.566730 0.032596 0.104720
0 0.267745 0.609443 0.036747 0.084525
0 0.383267 0.507229 0.035456 0.066432
0 0.323447 0.514985 0.037264 0.085321
0 0.302843 0.478249 0.034749 0.066603
0 0.293281 0.570396 0.030393 0.087997
0 0.381664 0.065168 0.024154 0.097964
0 0.402804 0.455275 0.040659 0.080611
0 0.395060 0.438590 0.056386 0.112590
0 0.385941 0.418887 0.038643 0.073816
0 0.283052 0.589075 0.023121 0.054603
0 0.812037 0.040560 0.021343 0.081120
0 0.239131 0.038472 0.021442 0.076154
0 0.075800 0.039651 0.023812 0.079039
