0 0.447482 0.646555 0.031336 0.093255
0 0.577703 0.509340 0.028461 0.092865
0 0.555864 0.354669 0.050971 0.091502
0 0.448836 0.231769 0.028150 0.097341
0 0.505284 0.441185 0.033918 0.112791
0 0.651787 0.644282 0.046390 0.089786
0 0.629252 0.447036 0.035832 0.110756
0 0.570660 0.437782 0.036779 0.105252
0 0.615449 0.849687 0.034967 0.105415
0 0.642550 0.268912 0.026968 0.085406
0 0.737703 0.422089 0.036072 0.099542
0 0.466698 0.310983 0.028509 0.096494
0 0.683629 0.844500 0.042688 0.100332
0 0.136976 0.456935 0.025405 0.109349
0 0.616550 0.289143 0.023148 0.094385
0 0.601623 0.355385 0.028916 0.106026
0 0.555006 0.276339 0.040730 0.069675
0 0.725938 0.365132 0.029512 0.056099
0 0.584435 0.278274 0.031551 0.066766
0 0.621810 0.382791 0.030851 0.066842
0 0.557161 0.263002 0.044905 0.094670
0 0.605937 0.343727 0.036606 0.087437
0 0.459927 0.420719 0.016236 0.075981
0 0.469770 0.381873 0.022371 0.062844
0 0.585203 0.482730 0.025176 0.103713
0 0.466140 0.412594 0.028960 0.092291
0 0.617444 0.413447 0.023270 0.063957
0 0.611864 0.339211 0.028247 0.075105
0 0.602658 0.338552 0.031634 0.073537
0 0.581687 0.450146 0.020970 0.085304
0 0.509651 0.407106 0.025647 0.045833
0 0.576943 0.412877 0.025738 0.054111
0 0.648948 0.634612 0.040623 0.070275
0 0.579881 0.397167 0.019592 0.029388
0 0.566321 0.272678 0.063064 0.082919
0 0.499056 0.446474 0.021350 0.102358
0 0.470864 0.285530 0.021535 0.048040
0 0.466843 0.395444 0.027015 0.093982
0 0.538805 0.358174 0.016940 0.084598
