0 0.463362 0.501161 0.033244 0.100407
0 0.507604 0.628663 0.022834 0.114004
0 0.580108 0.568945 0.043545 0.087532
0 0.463564 0.398117 0.029753 0.097748
0 0.667985 0.258530 0.037620 0.101245
0 0.648706 0.333396 0.031038 0.096654
0 0.529261 0.285586 0.030135 0.094588
0 0.401103 0.197852 0.021506 0.091661
0 0.172373 0.380886 0.022730 0.102863
0 0.636633 0.416709 0.039746 0.074441
0 0.564127 0.406431 0.033817 0.071199
0 0.549032 0.352263 0.038860 0.074234
0 0.657838 0.529246 0.028928 0.085142
0 0.613629 0.449168 0.036055 0.085361
0 0.558231 0.468722 0.046302 0.080841
0 0.628572 0.360151 0.031685 0.060768
0 0.818803 0.423337 0.035257 0.087555
0 0.600075 0.285563 0.034925 0.089389
0 0.644141 0.484663 0.032676 0.074706
