0 0.191775 0.636585 0.038981 0.073687
0 0.605769 0.845709 0.029289 0.081728
0 0.578922 0.648634 0.031088 0.075644
0 0.213580 0.491199 0.035538 0.061966
0 0.169559 0.782901 0.037932 0.073881
0 0.801535 0.647227 0.024589 0.081349
0 0.776985 0.432856 0.024851 0.069719
0 0.111230 0.332766 0.021794 0.077834
0 0.233241 0.345573 0.032552 0.063732
0 0.205023 0.561822 0.028060 0.060777
0 0.740734 0.198671 0.020779 0.052730
0 0.582187 0.417472 0.022284 0.063405
0 0.252097 0.244912 0.019115 0.062180
0 0.253912 0.189654 0.025722 0.049511
0 0.586718 0.281567 0.026361 0.056358
0 0.581813 0.160469 0.020703 0.056831
0 0.241192 0.283921 0.017505 0.053382
0 0.257628 0.185321 0.027405 0.058649
0 0.296029 0.083099 0.015983 0.063355
