0 0.820706 0.625589 0.055325 0.175283
0 0.468287 0.548518 0.066722 0.155353
0 0.637283 0.474284 0.051011 0.163120
0 0.683533 0.618490 0.045536 0.167254
0 0.959150 0.557120 0.057404 0.190373
0 0.232038 0.674415 0.045122 0.179578
0 0.915307 0.627811 0.068157 0.184267
0 0.583399 0.558737 0.069157 0.150273
0 0.603579 0.411430 0.037552 0.170090
0 0.788206 0.506449 0.026089 0.178011
0 0.787840 0.271428 0.033476 0.166114
0 0.533514 0.591926 0.070455 0.146329
0 0.507885 0.826433 0.075738 0.132400
0 0.515261 0.538488 0.039078 0.120169
0 0.524067 0.596319 0.052048 0.137419
0 0.549986 0.580783 0.041963 0.159373
0 0.678476 0.610417 0.036139 0.149197
0 0.633698 0.446808 0.043881 0.112440
0 0.950714 0.553292 0.038922 0.183354
