0 0.562497 0.739613 0.053990 0.141574
0 0.606486 0.780224 0.054445 0.137031
0 0.483307 0.755413 0.028851 0.149107
0 0.806970 0.430748 0.037513 0.117077
0 0.518359 0.586270 0.053393 0.127782
0 0.260718 0.449899 0.030327 0.128236
0 0.245985 0.709986 0.026762 0.152395
0 0.434441 0.476650 0.030008 0.137718
0 0.343891 0.268701 0.023114 0.129308
0 0.569625 0.488244 0.045661 0.090926
0 0.474551 0.359714 0.021963 0.133168
0 0.773137 0.462218 0.025604 0.138450
0 0.704375 0.284745 0.056725 0.112307
0 0.591869 0.414329 0.044577 0.065487
0 0.637045 0.541806 0.037909 0.107185
0 0.680864 0.389988 0.047488 0.085237
0 0.706274 0.353914 0.047497 0.119642
0 0.618398 0.336853 0.030238 0.100875
0 0.629141 0.443688 0.040308 0.052116
0 0.635099 0.273384 0.032959 0.088904
0 0.662149 0.428467 0.048544 0.080033
0 0.639541 0.482135 0.044148 0.065297
0 0.523429 0.579121 0.042527 0.108708
0 0.629224 0.462187 0.044564 0.084225
0 0.646291 0.471437 0.039136 0.082085
0 0.705027 0.315984 0.051171 0.057151
0 0.549972 0.737912 0.028813 0.134619
0 0.675343 0.416077 0.039385 0.059345
0 0.696113 0.280888 0.040424 0.104635
0 0.576535 0.485985 0.033117 0.090550
0 0.632550 0.522546 0.036736 0.092603
