0 0.741540 0.378513 0.036809 0.106232
0 0.619990 0.807466 0.051670 0.118303
0 0.571316 0.415033 0.027373 0.128166
0 0.430182 0.357315 0.047972 0.078864
0 0.428651 0.273104 0.045726 0.090744
0 0.298925 0.827943 0.041070 0.129638
0 0.643435 0.401429 0.038257 0.074874
0 0.408438 0.572930 0.029814 0.126010
0 0.939583 0.174597 0.027464 0.110243
0 0.296447 0.305959 0.024874 0.108815
0 0.256016 0.389536 0.024451 0.109984
0 0.322449 0.454539 0.028885 0.110189
0 0.342825 0.373453 0.031193 0.092040
0 0.466873 0.452580 0.044590 0.056828
0 0.463159 0.400986 0.040478 0.076836
0 0.545692 0.484442 0.039236 0.087819
0 0.499743 0.315550 0.039727 0.069691
0 0.469183 0.519336 0.033477 0.106011
0 0.540626 0.386535 0.028455 0.066721
0 0.538175 0.426370 0.029252 0.062621
0 0.742527 0.361848 0.034999 0.073006
0 0.479660 0.454092 0.031924 0.058653
0 0.481965 0.466522 0.023330 0.062272
0 0.513635 0.359582 0.033012 0.047509
0 0.508493 0.396228 0.034456 0.053072
0 0.517141 0.431923 0.023870 0.067579
0 0.311242 0.381735 0.008471 0.023435
0 0.519618 0.459989 0.026084 0.071911
0 0.478762 0.515683 0.023471 0.106648
0 0.522396 0.428947 0.023330 0.052672
0 0.503118 0.394098 0.025678 0.050671
0 0.536968 0.438050 0.032274 0.059585
