0 0.412643 0.570966 0.048815 0.131051
0 0.171491 0.529135 0.051339 0.135208
0 0.541522 0.339171 0.048951 0.143405
0 0.427443 0.421355 0.038555 0.139188
0 0.712210 0.600754 0.035287 0.131656
0 0.600116 0.742260 0.072605 0.134989
0 0.535005 0.633204 0.047513 0.142926
0 0.875557 0.807763 0.040362 0.145741
0 0.614985 0.454908 0.042542 0.100312
0 0.637900 0.570984 0.035630 0.151087
0 0.386257 0.423030 0.040319 0.122073
0 0.665185 0.539403 0.033180 0.132281
0 0.513485 0.213294 0.034588 0.115694
0 0.779691 0.133296 0.028191 0.105153
0 0.528501 0.489434 0.033553 0.135387
0 0.611104 0.553288 0.026666 0.079271
0 0.601730 0.142940 0.026586 0.144346
0 0.665699 0.534130 0.023969 0.089477
0 0.608164 0.530361 0.025264 0.112305
0 0.400925 0.392220 0.036296 0.109550
0 0.638088 0.550541 0.040362 0.084846
0 0.581085 0.477581 0.040022 0.081658
0 0.663036 0.554866 0.031138 0.102304
0 0.537611 0.491108 0.048987 0.137146
0 0.070511 0.206069 0.032232 0.131932
0 0.414193 0.406041 0.022181 0.085173
0 0.857401 0.057752 0.031852 0.114024
0 0.608178 0.504030 0.023562 0.057086
0 0.685298 0.090604 0.032421 0.141313
0 0.636644 0.527397 0.024854 0.081077
0 0.611240 0.537521 0.025780 0.111198
0 0.575093 0.470256 0.046870 0.099166
0 0.429850 0.438816 0.029812 0.100077
