0 0.469302 0.782720 0.051251 0.137673
0 0.270839 0.470442 0.045785 0.109713
0 0.692974 0.773770 0.027399 0.133577
0 0.216785 0.192544 0.046707 0.099546
0 0.400360 0.543810 0.051393 0.083867
0 0.503273 0.548098 0.030455 0.122276
0 0.383777 0.779895 0.041205 0.100571
0 0.531475 0.713351 0.028130 0.131129
0 0.227760 0.645101 0.041384 0.130620
0 0.479932 0.320384 0.021236 0.114782
0 0.416142 0.632238 0.041514 0.083886
0 0.292375 0.382159 0.041811 0.098972
0 0.448146 0.434393 0.030507 0.106930
0 0.435882 0.680264 0.043212 0.078944
0 0.296558 0.184628 0.027558 0.111735
0 0.807851 0.492413 0.023370 0.124763
0 0.359311 0.647912 0.051270 0.090237
0 0.213797 0.595960 0.036125 0.092370
0 0.359671 0.724918 0.045835 0.100298
0 0.330029 0.564440 0.046029 0.076294
0 0.342934 0.603320 0.039689 0.069768
0 0.349760 0.620004 0.039330 0.050166
0 0.378955 0.674650 0.023076 0.059538
0 0.460896 0.775449 0.037003 0.123976
0 0.035123 0.045727 0.027896 0.090126
