0 0.759820 0.748820 0.042695 0.113450
0 0.611756 0.772305 0.027244 0.124199
0 0.730131 0.629672 0.042940 0.088164
0 0.735223 0.256485 0.039390 0.097587
0 0.651998 0.362065 0.028367 0.107996
0 0.525411 0.634277 0.031670 0.111485
0 0.530507 0.220080 0.018230 0.102263
0 0.659692 0.608044 0.029134 0.120105
0 0.574291 0.352292 0.025303 0.100941
0 0.133003 0.504193 0.026105 0.105728
0 0.646118 0.460737 0.034080 0.092772
0 0.483046 0.326429 0.022877 0.101240
0 0.648778 0.547133 0.038767 0.059367
0 0.545617 0.464003 0.022201 0.106440
0 0.728042 0.562367 0.034674 0.077077
0 0.846436 0.474376 0.031580 0.170727
0 0.723018 0.412697 0.051727 0.085167
0 0.844576 0.500909 0.022472 0.116422
0 0.725060 0.543595 0.034515 0.068228
0 0.718453 0.587448 0.020392 0.060778
0 0.727334 0.468454 0.036261 0.065634
0 0.736943 0.423113 0.025477 0.074332
0 0.845393 0.440861 0.033239 0.108144
0 0.711766 0.509450 0.035818 0.081140
0 0.713612 0.408697 0.034047 0.076627
0 0.711253 0.498064 0.035965 0.058147
0 0.845659 0.423013 0.033168 0.073449
0 0.730303 0.442095 0.037173 0.071545
