0 0.480442 0.446930 0.031727 0.093480
0 0.753593 0.403761 0.027633 0.089279
0 0.585429 0.667998 0.026825 0.083640
0 0.163968 0.534547 0.034392 0.088104
0 0.394039 0.340614 0.031869 0.081620
0 0.511680 0.550507 0.038023 0.073684
0 0.466090 0.631997 0.025534 0.076092
0 0.516808 0.847056 0.022457 0.089247
0 0.271428 0.639427 0.034698 0.133059
0 0.446784 0.166704 0.032866 0.067839
0 0.222058 0.477271 0.037062 0.123005
0 0.248329 0.497079 0.034883 0.082166
0 0.316477 0.557012 0.038212 0.099329
0 0.376939 0.335230 0.023604 0.074532
0 0.284581 0.549471 0.032552 0.079884
0 0.358712 0.167745 0.028672 0.063856
0 0.261623 0.436050 0.020582 0.048939
0 0.270250 0.482744 0.025714 0.075802
0 0.228424 0.458787 0.022978 0.086359
0 0.214941 0.490073 0.022103 0.099284
0 0.268668 0.624949 0.028583 0.108197
0 0.262267 0.620348 0.016948 0.091256
0 0.026753 0.047371 0.019113 0.090118
0 0.274511 0.670867 0.028617 0.068223
