0 0.370950 0.663922 0.037746 0.094044
0 0.530821 0.521430 0.027163 0.107573
0 0.624523 0.761689 0.023704 0.112600
0 0.313179 0.544284 0.040718 0.096846
0 0.650581 0.541816 0.024699 0.106265
0 0.271378 0.312244 0.039702 0.086424
0 0.184229 0.176398 0.030137 0.083948
0 0.312295 0.496345 0.038076 0.072188
0 0.199082 0.449303 0.023806 0.099419
0 0.334204 0.364946 0.037833 0.064508
0 0.328471 0.443249 0.031650 0.056487
0 0.422618 0.275300 0.019690 0.086872
0 0.296232 0.417905 0.029391 0.052577
0 0.277309 0.388791 0.031607 0.066759
0 0.405915 0.522960 0.029411 0.068378
0 0.344532 0.140736 0.019999 0.089771
0 0.361982 0.420007 0.035363 0.067933
0 0.387584 0.466721 0.029378 0.067491
0 0.368308 0.454836 0.028073 0.054953
0 0.387134 0.523962 0.024010 0.055150
0 0.365450 0.388472 0.026218 0.038541
0 0.385584 0.458762 0.030211 0.058302
0 0.308693 0.433337 0.034558 0.066958
0 0.398296 0.525437 0.043985 0.060635
0 0.355379 0.369795 0.032092 0.062107
0 0.311653 0.463518 0.035113 0.052794
