0 0.691007 0.668503 0.040821 0.091739
0 0.632551 0.605618 0.034750 0.093280
0 0.666606 0.842264 0.046932 0.093175
0 0.638606 0.223532 0.040611 0.074849
0 0.386284 0.805760 0.028546 0.093223
0 0.450492 0.667530 0.027754 0.093475
0 0.475853 0.533877 0.017577 0.096019
0 0.308599 0.349297 0.022077 0.081425
0 0.977545 0.245506 0.019905 0.087727
0 0.642719 0.398332 0.037418 0.087518
0 0.724396 0.379850 0.027031 0.088658
0 0.531391 0.408552 0.014966 0.094455
0 0.583831 0.325967 0.029863 0.066142
0 0.640225 0.296590 0.040513 0.059981
0 0.585369 0.214171 0.023198 0.064092
0 0.580750 0.428240 0.026362 0.077767
0 0.632206 0.327921 0.029922 0.053155
0 0.583097 0.374055 0.028963 0.050773
0 0.619717 0.351129 0.028819 0.065446
0 0.572007 0.306633 0.028046 0.070790
0 0.581348 0.229084 0.025169 0.086609
0 0.618845 0.363535 0.029344 0.065551
0 0.574398 0.317170 0.029376 0.075890
0 0.577166 0.253061 0.019967 0.049378
