0 0.540253 0.467896 0.049361 0.116791
0 0.559147 0.680201 0.050920 0.127284
0 0.470146 0.652190 0.033883 0.119927
0 0.285233 0.761170 0.032998 0.143794
0 0.629709 0.222397 0.026824 0.130718
0 0.531368 0.839486 0.051623 0.124762
0 0.464533 0.386913 0.025779 0.127602
0 0.564362 0.212124 0.025700 0.115871
0 0.215198 0.403175 0.025112 0.125542
0 0.728423 0.295001 0.023443 0.119562
0 0.495587 0.306774 0.030684 0.110787
0 0.779769 0.452036 0.036463 0.117249
0 0.674429 0.362016 0.040318 0.088773
0 0.300581 0.232378 0.023908 0.108088
0 0.647765 0.449705 0.041499 0.115776
0 0.581796 0.401097 0.037724 0.087807
0 0.694307 0.310031 0.043650 0.098020
0 0.612422 0.347886 0.038336 0.067241
0 0.776882 0.380594 0.026793 0.100301
0 0.641195 0.368516 0.038529 0.064960
0 0.635532 0.423911 0.029869 0.087542
0 0.524416 0.834216 0.037233 0.113582
0 0.700568 0.311605 0.029731 0.090539
0 0.549433 0.677503 0.031095 0.122730
