0 0.865959 0.110562 0.036778 0.111492
0 0.566138 0.411005 0.025421 0.107865
0 0.322933 0.256291 0.032232 0.084227
0 0.685819 0.538913 0.042235 0.098417
0 0.231588 0.321865 0.042431 0.103239
0 0.340197 0.433155 0.034994 0.109631
0 0.742092 0.426119 0.065199 0.136794
0 0.863203 0.276471 0.024035 0.110120
0 0.401287 0.350069 0.021412 0.072781
0 0.829389 0.250557 0.026006 0.109210
0 0.827487 0.413262 0.029295 0.095281
0 0.694635 0.281160 0.022379 0.094663
0 0.653850 0.355134 0.027265 0.086038
0 0.256943 0.138004 0.021764 0.099908
0 0.112541 0.163618 0.022212 0.107008
0 0.583576 0.136820 0.025056 0.093838
0 0.801497 0.390108 0.027005 0.111605
0 0.078609 0.234255 0.023300 0.096788
0 0.755027 0.426819 0.039268 0.136236
0 0.657174 0.363406 0.035042 0.103299
0 0.067164 0.200896 0.019780 0.109338
0 0.011957 0.314009 0.023387 0.106918
