0 0.487840 0.518059 0.078106 0.157965
0 0.549787 0.523873 0.052695 0.151745
0 0.585176 0.559572 0.043702 0.163553
0 0.325318 0.586377 0.026402 0.169210
0 0.705494 0.248642 0.037251 0.155587
0 0.230390 0.585789 0.030190 0.152983
0 0.415159 0.355878 0.029154 0.151421
0 0.456611 0.356193 0.030202 0.172434
0 0.554835 0.277782 0.032919 0.157207
0 0.352503 0.423587 0.026278 0.144562
0 0.658406 0.259016 0.033892 0.135865
0 0.484412 0.298049 0.039062 0.156673
0 0.113595 0.799263 0.047458 0.134617
0 0.528179 0.290432 0.027986 0.135382
0 0.484287 0.481482 0.074891 0.082815
0 0.778343 0.307504 0.041521 0.171336
0 0.847145 0.294633 0.035342 0.168525
0 0.971079 0.312406 0.026249 0.109966
0 0.803494 0.386383 0.030817 0.094917
0 0.538445 0.493754 0.028503 0.089488
0 0.177552 0.430198 0.030493 0.110598
