0 0.491801 0.589091 0.054942 0.142797
0 0.439117 0.816885 0.059560 0.156890
0 0.496066 0.768547 0.059669 0.116791
0 0.208721 0.490265 0.050100 0.140010
0 0.585082 0.437313 0.043274 0.134996
0 0.698703 0.728784 0.039153 0.125041
0 0.848831 0.431249 0.036067 0.129646
0 0.488675 0.276737 0.032002 0.135530
0 0.464705 0.369937 0.048894 0.113569
0 0.580597 0.810479 0.043932 0.140057
0 0.446423 0.517185 0.061443 0.092783
0 0.335227 0.560179 0.056044 0.149305
0 0.349223 0.336450 0.051328 0.106784
0 0.162839 0.426584 0.046281 0.146582
0 0.289960 0.395203 0.057033 0.125912
0 0.252846 0.355693 0.048301 0.135329
0 0.398158 0.450686 0.043580 0.098551
0 0.332884 0.261257 0.037520 0.066713
0 0.307543 0.274554 0.046747 0.102186
0 0.358358 0.448950 0.037526 0.079255
0 0.341512 0.424117 0.041941 0.077936
0 0.390783 0.454689 0.042640 0.105446
0 0.340475 0.443700 0.040314 0.112546
0 0.431127 0.504014 0.031115 0.073915
0 0.338637 0.285321 0.029277 0.098603
0 0.393313 0.441448 0.033531 0.081438
0 0.349912 0.458349 0.052429 0.098339
0 0.287224 0.322654 0.024397 0.077538
0 0.437236 0.519162 0.032799 0.087155
0 0.311877 0.251992 0.041514 0.057473
0 0.201283 0.468642 0.036213 0.097344
0 0.294382 0.296886 0.029932 0.087028
