0 0.252188 0.492893 0.054855 0.130243
0 0.283667 0.599929 0.052166 0.145931
0 0.042882 0.672892 0.045225 0.143988
0 0.603449 0.549410 0.032450 0.110114
0 0.438433 0.511306 0.051680 0.128308
0 0.340848 0.511080 0.046163 0.140707
0 0.484460 0.844418 0.034369 0.143134
0 0.220865 0.728097 0.036056 0.155589
0 0.495495 0.468713 0.057418 0.086299
0 0.420725 0.484441 0.033650 0.126549
0 0.427631 0.071124 0.033718 0.114281
0 0.372624 0.608657 0.066131 0.065698
0 0.335891 0.584551 0.063968 0.073500
0 0.248202 0.694400 0.035333 0.137760
0 0.468956 0.408606 0.027861 0.096924
0 0.482201 0.524645 0.049650 0.104202
0 0.952247 0.034182 0.024484 0.067780
0 0.521443 0.562748 0.049354 0.100086
0 0.550394 0.529029 0.045555 0.091895
0 0.485184 0.547492 0.041973 0.074921
0 0.127996 0.034308 0.024058 0.068584
0 0.533354 0.485179 0.032019 0.059210
0 0.515522 0.537524 0.029248 0.070211
0 0.455557 0.471484 0.018004 0.066480
0 0.775646 0.028824 0.020740 0.057648
0 0.358389 0.566865 0.030377 0.053609
0 0.583025 0.024691 0.022075 0.048903
0 0.631801 0.031453 0.022701 0.061903
