0 0.390942 0.663763 0.040982 0.099054
0 0.568975 0.707634 0.029505 0.084116
0 0.641780 0.459154 0.030303 0.090525
0 0.232123 0.617318 0.023020 0.083489
0 0.349850 0.570260 0.032611 0.107719
0 0.173858 0.537517 0.025915 0.081897
0 0.277919 0.467212 0.032808 0.090837
0 0.401098 0.263682 0.024385 0.077030
0 0.429437 0.711172 0.028788 0.065049
0 0.413928 0.787572 0.040285 0.107933
0 0.280678 0.574717 0.038629 0.094228
0 0.456093 0.803103 0.026505 0.080787
0 0.426822 0.785119 0.065799 0.111503
0 0.443938 0.765210 0.023114 0.076564
0 0.389369 0.466637 0.024590 0.092033
0 0.320750 0.563595 0.031713 0.088375
0 0.338782 0.568820 0.053078 0.106389
0 0.316486 0.456679 0.029784 0.057918
0 0.452196 0.786292 0.032761 0.113602
0 0.400850 0.680217 0.021633 0.067292
0 0.307219 0.543746 0.027005 0.076238
0 0.314735 0.471329 0.030833 0.090980
0 0.333145 0.521336 0.024171 0.046456
0 0.436830 0.227076 0.029617 0.069759
