0 0.546122 0.833433 0.030466 0.088413
0 0.510063 0.672608 0.016209 0.079213
0 0.422973 0.493687 0.015662 0.086019
0 0.271430 0.827770 0.028581 0.085277
0 0.748979 0.671499 0.021531 0.069578
0 0.437694 0.611772 0.017036 0.081265
0 0.367800 0.471083 0.024238 0.073729
0 0.515287 0.497433 0.019336 0.072152
0 0.168931 0.620867 0.030635 0.071864
0 0.334549 0.491855 0.016075 0.070748
0 0.279566 0.522009 0.018868 0.079985
0 0.968572 0.612970 0.014403 0.073833
0 0.308549 0.492325 0.017882 0.070823
0 0.197944 0.555594 0.017273 0.072248
0 0.580406 0.287029 0.012777 0.049406
0 0.429469 0.376428 0.020822 0.040962
0 0.720075 0.331616 0.016410 0.056276
0 0.472854 0.342014 0.017757 0.053341
0 0.481730 0.395392 0.014827 0.045906
0 0.176029 0.550713 0.015504 0.069854
