0 0.524994 0.687259 0.049484 0.121700
0 0.235041 0.494024 0.034274 0.118447
0 0.554466 0.559064 0.049259 0.118086
0 0.411878 0.659853 0.027378 0.118136
0 0.355608 0.826811 0.026692 0.129529
0 0.467272 0.536216 0.026044 0.118137
0 0.505212 0.509281 0.056145 0.081806
0 0.464471 0.393742 0.028442 0.117136
0 0.561183 0.393660 0.041677 0.080885
0 0.752316 0.456932 0.031044 0.113573
0 0.559217 0.213697 0.030446 0.094642
0 0.617913 0.290916 0.037492 0.076795
0 0.468984 0.322932 0.034020 0.063529
0 0.657711 0.365778 0.039276 0.076191
0 0.742747 0.376533 0.025378 0.080015
0 0.631052 0.429784 0.031740 0.087197
0 0.623300 0.373487 0.035942 0.047135
0 0.585569 0.339170 0.039350 0.065808
0 0.616508 0.448642 0.032491 0.082098
0 0.675474 0.323729 0.033186 0.072036
0 0.684358 0.297648 0.038621 0.067673
0 0.621213 0.463478 0.041298 0.110488
0 0.666820 0.333783 0.025456 0.093483
0 0.494243 0.518189 0.034007 0.061234
0 0.684604 0.311717 0.038966 0.094726
