0 0.902315 0.805708 0.032629 0.065802
0 0.842115 0.755144 0.034434 0.072178
0 0.814296 0.591580 0.034264 0.061053
0 0.536698 0.735710 0.029902 0.066006
0 0.439730 0.589528 0.026614 0.063028
0 0.330062 0.591250 0.026784 0.064231
0 0.849239 0.663885 0.033799 0.065199
0 0.479467 0.324171 0.028812 0.056850
0 0.812886 0.520653 0.032116 0.058430
0 0.509684 0.241334 0.025184 0.048295
0 0.520808 0.397488 0.024852 0.059325
0 0.753748 0.240281 0.020835 0.053732
0 0.766003 0.198800 0.023703 0.041403
0 0.348479 0.306317 0.022643 0.052713
