0 0.599733 0.705747 0.044956 0.146441
0 0.508493 0.772217 0.028596 0.140485
0 0.724253 0.582208 0.035236 0.127776
0 0.789099 0.603950 0.042010 0.124999
0 0.523573 0.414721 0.042956 0.122036
0 0.574228 0.565742 0.029636 0.127684
0 0.846403 0.756140 0.037756 0.134515
0 0.341137 0.431228 0.026542 0.139935
0 0.930162 0.775020 0.031967 0.136258
0 0.300428 0.386762 0.027732 0.117063
0 0.432040 0.403961 0.031734 0.120352
0 0.529119 0.605075 0.028514 0.127081
0 0.699719 0.231068 0.034014 0.109724
0 0.397515 0.322146 0.031679 0.110727
0 0.666934 0.764395 0.024431 0.106999
0 0.479089 0.479052 0.031421 0.108868
0 0.926124 0.078230 0.024019 0.101785
0 0.542700 0.534471 0.029495 0.116057
0 0.474531 0.479040 0.022665 0.111938
0 0.592696 0.697949 0.031304 0.127517
0 0.982616 0.081964 0.024924 0.102545
0 0.752512 0.047590 0.023080 0.093466
0 0.650544 0.037101 0.018499 0.074111
0 0.539903 0.520023 0.026211 0.087611
0 0.009516 0.455556 0.018976 0.114900
0 0.151502 0.152170 0.027905 0.095458
0 0.855319 0.064108 0.026337 0.103713
