0 0.763963 0.597107 0.030228 0.080581
0 0.370913 0.596797 0.026887 0.078116
0 0.809408 0.809738 0.035596 0.074753
0 0.731993 0.429774 0.026673 0.077139
0 0.379203 0.843559 0.032256 0.086434
0 0.178184 0.444477 0.024910 0.076677
0 0.861414 0.426265 0.019161 0.081067
0 0.797357 0.746201 0.022740 0.076094
0 0.675586 0.183257 0.022887 0.058491
0 0.368906 0.266825 0.025451 0.056324
0 0.750049 0.514298 0.031272 0.068660
0 0.685235 0.254324 0.021081 0.056443
0 0.744960 0.513765 0.021290 0.067354
0 0.189261 0.272536 0.018795 0.063578
0 0.354980 0.161236 0.023026 0.057075
0 0.707692 0.345732 0.022409 0.055458
0 0.167741 0.712189 0.021241 0.086532
0 0.696731 0.296879 0.022098 0.059269
0 0.362258 0.450031 0.022440 0.064141
