0 0.448249 0.823829 0.060141 0.166211
0 0.319938 0.781996 0.043179 0.159879
0 0.716418 0.334536 0.034745 0.169109
0 0.432141 0.583947 0.029496 0.165220
0 0.514088 0.620139 0.033747 0.164980
0 0.644331 0.495518 0.045095 0.152623
0 0.818266 0.448309 0.047077 0.142242
0 0.372016 0.543825 0.030508 0.153931
0 0.533068 0.228965 0.033394 0.109057
0 0.550742 0.419153 0.051380 0.101020
0 0.583624 0.354021 0.050136 0.091432
0 0.503132 0.464211 0.047916 0.141671
0 0.498559 0.329745 0.032071 0.105252
0 0.619141 0.294194 0.039453 0.085142
0 0.599276 0.485472 0.052795 0.124226
0 0.175678 0.159400 0.027098 0.152852
0 0.521514 0.340350 0.029371 0.136582
0 0.475304 0.401447 0.030664 0.106648
0 0.673891 0.322362 0.056465 0.099585
0 0.615422 0.421244 0.043733 0.071466
0 0.658226 0.400085 0.022178 0.083054
0 0.659947 0.388097 0.032247 0.103371
0 0.619703 0.368475 0.042228 0.064324
0 0.633573 0.344504 0.033356 0.051011
0 0.629967 0.374359 0.037639 0.069549
0 0.623089 0.427793 0.045701 0.082347
