0 0.276138 0.457016 0.024204 0.108980
0 0.542739 0.517907 0.039911 0.095583
0 0.449495 0.396393 0.034140 0.093030
0 0.325737 0.285038 0.025307 0.092676
0 0.716391 0.379354 0.033446 0.086880
0 0.541560 0.247218 0.026904 0.089895
0 0.790946 0.400409 0.030480 0.098282
0 0.404322 0.197455 0.022717 0.093933
0 0.641744 0.251144 0.043245 0.084930
0 0.548634 0.327508 0.041486 0.068548
0 0.610764 0.279847 0.027313 0.083726
0 0.713927 0.445676 0.033086 0.076537
0 0.550942 0.387993 0.042574 0.076179
0 0.598537 0.397558 0.033625 0.083245
0 0.567911 0.443600 0.035264 0.064890
0 0.629958 0.451392 0.031530 0.108717
0 0.624038 0.342837 0.030597 0.085364
0 0.557704 0.487889 0.033319 0.063197
0 0.625795 0.365355 0.028978 0.062982
0 0.603464 0.403544 0.024652 0.072438
0 0.634270 0.250885 0.029363 0.087991
0 0.623318 0.328775 0.031528 0.047546
0 0.546809 0.502746 0.032819 0.072557
0 0.599228 0.349265 0.160829 0.219372
