0 0.783380 0.778929 0.035086 0.082467
0 0.732779 0.560278 0.030172 0.092004
0 0.750640 0.657950 0.037166 0.079207
0 0.269754 0.609596 0.034745 0.083523
0 0.646171 0.159941 0.033838 0.100166
0 0.681453 0.334726 0.037576 0.096352
0 0.382222 0.780031 0.028067 0.087030
0 0.369320 0.375621 0.031783 0.079977
0 0.717455 0.503660 0.024715 0.078654
0 0.910065 0.476207 0.020094 0.089839
0 0.127789 0.617970 0.027982 0.074956
0 0.280352 0.282097 0.031591 0.071708
0 0.665152 0.257579 0.031276 0.053222
0 0.348051 0.167407 0.027537 0.053538
0 0.368456 0.494308 0.023294 0.081444
0 0.148569 0.293863 0.027421 0.056480
0 0.585545 0.067315 0.036859 0.048933
