0 0.319008 0.632686 0.043079 0.087336
0 0.361622 0.518653 0.040344 0.102053
0 0.256250 0.835622 0.042951 0.099390
0 0.403288 0.641661 0.019643 0.107515
0 0.461761 0.182609 0.034246 0.080097
0 0.330011 0.845993 0.025779 0.105205
0 0.487052 0.302748 0.039180 0.070070
0 0.424223 0.529245 0.039982 0.089273
0 0.766039 0.510420 0.020284 0.097983
0 0.109009 0.248699 0.023645 0.087261
0 0.507674 0.188536 0.015425 0.089411
0 0.595566 0.280328 0.019605 0.087543
0 0.412143 0.416733 0.028613 0.070018
0 0.483179 0.361324 0.041775 0.079046
0 0.479276 0.482081 0.019886 0.105807
0 0.458701 0.425803 0.032598 0.066725
0 0.365576 0.467185 0.037642 0.082747
0 0.465256 0.343134 0.018845 0.053681
0 0.398341 0.379014 0.028136 0.049530
0 0.380623 0.438669 0.027300 0.051301
0 0.311195 0.372379 0.026693 0.121540
0 0.307507 0.391699 0.017966 0.083487
0 0.405894 0.343738 0.026160 0.041421
0 0.400601 0.363205 0.034521 0.083086
0 0.463512 0.389531 0.023053 0.098829
0 0.423271 0.513755 0.036810 0.059065
0 0.376928 0.459593 0.031752 0.084854
0 0.307564 0.380906 0.020464 0.105235
0 0.310701 0.334327 0.027103 0.048819
0 0.524364 0.064085 0.018422 0.082687
