0 0.751481 0.783303 0.046887 0.111935
0 0.586544 0.231257 0.040404 0.104999
0 0.370601 0.680363 0.032893 0.111656
0 0.674722 0.380570 0.034843 0.107627
0 0.626262 0.814204 0.036897 0.121343
0 0.485931 0.534896 0.033687 0.123368
0 0.309888 0.349714 0.041857 0.121541
0 0.553144 0.361936 0.051611 0.103817
0 0.565636 0.449232 0.045193 0.083594
0 0.676763 0.613065 0.041031 0.091920
0 0.585857 0.489506 0.041118 0.061121
0 0.600823 0.641427 0.046784 0.120255
0 0.183151 0.502102 0.032826 0.112861
0 0.777860 0.449889 0.041698 0.099728
0 0.508710 0.219644 0.030590 0.097762
0 0.799765 0.534171 0.040284 0.109930
0 0.580623 0.551146 0.052873 0.092004
0 0.637829 0.491439 0.047668 0.078738
0 0.644605 0.445697 0.040308 0.062722
0 0.638987 0.402639 0.040355 0.057108
0 0.677418 0.555822 0.030691 0.051672
0 0.650713 0.447949 0.030636 0.056447
0 0.664558 0.525986 0.031906 0.066428
0 0.667386 0.546772 0.036620 0.057321
0 0.644179 0.413831 0.034229 0.044742
0 0.637826 0.480014 0.045743 0.055669
0 0.659982 0.518987 0.041616 0.053099
0 0.743009 0.779326 0.030312 0.105183
0 0.586346 0.501794 0.040417 0.085257
0 0.805891 0.536203 0.029527 0.105703
0 0.580971 0.229372 0.029303 0.099847
