0 0.315980 0.693481 0.037393 0.135407
0 0.329823 0.290144 0.047948 0.119505
0 0.378424 0.746016 0.063540 0.117648
0 0.435489 0.439278 0.033748 0.123086
0 0.301198 0.570720 0.036524 0.134632
0 0.472881 0.729692 0.049794 0.159740
0 0.277740 0.278859 0.045663 0.110754
0 0.563368 0.611381 0.031957 0.140868
0 0.796801 0.484863 0.031150 0.126041
0 0.221340 0.645568 0.039348 0.127820
0 0.544226 0.482536 0.024884 0.133041
0 0.507163 0.251311 0.028713 0.122852
0 0.452968 0.648666 0.043832 0.083439
0 0.707514 0.648946 0.029176 0.136622
0 0.357988 0.672000 0.043375 0.114939
0 0.434447 0.283483 0.029590 0.123164
0 0.428006 0.552078 0.043035 0.068354
0 0.358181 0.542157 0.045667 0.063813
0 0.353780 0.491582 0.044388 0.079674
0 0.378578 0.589204 0.047916 0.078293
0 0.363640 0.622969 0.043655 0.077100
0 0.221985 0.626675 0.037963 0.089731
0 0.359151 0.654532 0.041330 0.081683
0 0.371886 0.620701 0.043650 0.074962
0 0.459322 0.730889 0.023157 0.157048
0 0.448840 0.637512 0.032204 0.089382
