0 0.461959 0.624245 0.033065 0.071743
0 0.645119 0.739834 0.030358 0.078492
0 0.450787 0.816657 0.033131 0.068623
0 0.139339 0.794316 0.029359 0.075929
0 0.555140 0.444831 0.027153 0.062982
0 0.463939 0.184774 0.022704 0.052133
0 0.174443 0.630894 0.027470 0.066258
0 0.908530 0.272948 0.029585 0.065660
0 0.194558 0.493329 0.021825 0.054359
0 0.174493 0.557187 0.025670 0.061282
0 0.219103 0.242016 0.024044 0.043421
0 0.178801 0.721595 0.040164 0.060850
0 0.209624 0.197808 0.020564 0.046431
0 0.575455 0.235571 0.025621 0.056543
0 0.178887 0.281941 0.023015 0.052034
