0 0.172636 0.392239 0.090743 0.225105
0 0.247962 0.334783 0.045452 0.186667
0 0.282156 0.280459 0.044356 0.250867
0 0.614748 0.478798 0.056005 0.215878
0 0.254817 0.529756 0.057646 0.311276
0 0.371479 0.593577 0.054065 0.243433
0 0.443303 0.429027 0.063360 0.288537
0 0.310687 0.563857 0.085180 0.130348
0 0.550742 0.409558 0.057943 0.128732
0 0.584019 0.547324 0.071884 0.316607
0 0.409819 0.604537 0.044184 0.093344
0 0.615335 0.438832 0.053569 0.134378
0 0.480452 0.587712 0.066196 0.153539
0 0.661150 0.603039 0.091455 0.326327
0 0.552590 0.391334 0.054526 0.092130
