0 0.662160 0.345655 0.049844 0.162547
0 0.664798 0.540113 0.046365 0.161458
0 0.620458 0.537047 0.035252 0.133029
0 0.587798 0.556502 0.038760 0.154145
0 0.106972 0.548268 0.035197 0.165500
0 0.584871 0.660097 0.032569 0.165600
0 0.540290 0.460290 0.033123 0.175796
0 0.395809 0.394492 0.028604 0.164874
0 0.378522 0.362677 0.038878 0.159525
0 0.077511 0.407143 0.039645 0.149466
0 0.331063 0.459214 0.043355 0.178917
0 0.721002 0.396256 0.041861 0.116261
0 0.482103 0.529488 0.033699 0.173103
0 0.589599 0.468671 0.041460 0.134502
0 0.315772 0.397889 0.032386 0.149510
0 0.462936 0.632549 0.037081 0.174658
0 0.434677 0.453395 0.041467 0.178876
0 0.725745 0.537018 0.040784 0.193944
0 0.590779 0.399082 0.038877 0.083797
0 0.428849 0.450903 0.029496 0.173934
0 0.441497 0.464499 0.030718 0.186809
0 0.732742 0.560088 0.028587 0.168456
0 0.590614 0.420063 0.039438 0.125046
0 0.479678 0.613858 0.032409 0.148408
0 0.616159 0.520979 0.026240 0.096224
0 0.620310 0.509463 0.035365 0.077725
