0 0.967924 0.670047 0.028543 0.103384
0 0.106601 0.728108 0.027015 0.085870
0 0.898081 0.630431 0.030119 0.099745
0 0.699951 0.408903 0.035256 0.084669
0 0.619800 0.560972 0.024155 0.089410
0 0.036799 0.694524 0.022745 0.102254
0 0.266098 0.515582 0.022399 0.090066
0 0.813587 0.381136 0.018943 0.088105
0 0.583117 0.487242 0.024995 0.039359
0 0.577994 0.258535 0.019478 0.088560
0 0.560227 0.467050 0.020380 0.069833
0 0.387445 0.248474 0.018607 0.086274
0 0.367780 0.249295 0.017440 0.080015
0 0.662547 0.268620 0.017020 0.081364
0 0.627432 0.264829 0.018083 0.085823
0 0.125682 0.174782 0.020698 0.081127
0 0.312524 0.226195 0.022176 0.088114
