0 0.286450 0.590159 0.051582 0.139891
0 0.446138 0.392663 0.052147 0.115285
0 0.557514 0.660061 0.057507 0.165301
0 0.411940 0.541990 0.056118 0.152293
0 0.565077 0.225524 0.031114 0.128445
0 0.741534 0.576507 0.045702 0.153050
0 0.564613 0.480717 0.045382 0.159093
0 0.645303 0.349714 0.044237 0.118694
0 0.470324 0.657311 0.081161 0.167170
0 0.596541 0.570024 0.053858 0.174789
0 0.498751 0.445910 0.052767 0.113742
0 0.656744 0.526934 0.039588 0.144238
0 0.461091 0.511052 0.058560 0.088264
0 0.697917 0.357383 0.057863 0.165221
0 0.746055 0.177433 0.041666 0.120558
0 0.626744 0.523134 0.031640 0.183101
0 0.752566 0.365494 0.049276 0.119906
0 0.124995 0.147060 0.030877 0.152046
0 0.498459 0.428925 0.052342 0.080187
0 0.715920 0.326162 0.035893 0.139317
0 0.693233 0.332009 0.057894 0.122055
0 0.629827 0.419558 0.031291 0.052072
0 0.505095 0.628867 0.060735 0.106732
0 0.705690 0.364586 0.042333 0.150498
0 0.646408 0.332133 0.042001 0.082948
0 0.605833 0.547713 0.038860 0.153623
0 0.601266 0.453608 0.033528 0.077250
0 0.761734 0.175154 0.017907 0.083430
0 0.749585 0.345253 0.053371 0.157039
0 0.734169 0.295178 0.027936 0.072493
0 0.753528 0.184499 0.033439 0.102909
0 0.403956 0.538049 0.040688 0.140146
0 0.735821 0.309857 0.029831 0.089351
0 0.594254 0.464129 0.042595 0.090291
