0 0.610015 0.663222 0.031392 0.126488
0 0.351378 0.844611 0.046742 0.112149
0 0.341220 0.684443 0.054611 0.106894
0 0.445422 0.189586 0.026631 0.102089
0 0.451893 0.836224 0.029284 0.129362
0 0.441790 0.615776 0.036128 0.128287
0 0.381686 0.185616 0.035614 0.102332
0 0.244008 0.553033 0.031670 0.106145
0 0.512069 0.281037 0.025425 0.108244
0 0.322875 0.489382 0.028383 0.121633
0 0.681119 0.550499 0.026945 0.120881
0 0.538146 0.539978 0.022750 0.112549
0 0.366862 0.415367 0.042288 0.074004
0 0.375775 0.457461 0.032980 0.057464
0 0.399345 0.503459 0.038651 0.082984
0 0.450620 0.477558 0.044785 0.076849
0 0.250404 0.464642 0.017012 0.102314
0 0.448240 0.554597 0.053142 0.068142
0 0.363250 0.549173 0.041746 0.117118
0 0.447319 0.400529 0.030729 0.079559
0 0.529936 0.449780 0.026601 0.080702
0 0.461505 0.426530 0.022379 0.040742
0 0.438169 0.562903 0.033518 0.053250
0 0.367032 0.517931 0.040572 0.060698
0 0.442558 0.474497 0.025765 0.076329
0 0.439485 0.539072 0.038260 0.043536
0 0.452365 0.403801 0.040562 0.085517
