0 0.683268 0.515012 0.069211 0.211562
0 0.504735 0.552112 0.045797 0.208314
0 0.144678 0.375442 0.033842 0.184440
0 0.639831 0.768166 0.053185 0.223622
0 0.222673 0.345044 0.065757 0.196433
0 0.066682 0.188064 0.036385 0.173648
0 0.279718 0.608887 0.045548 0.198161
0 0.046153 0.562001 0.052437 0.213386
0 0.337646 0.570164 0.048736 0.202015
0 0.177622 0.677775 0.042318 0.193625
0 0.443576 0.488849 0.042650 0.181149
0 0.291767 0.409953 0.045957 0.183520
0 0.411145 0.311964 0.041378 0.198351
0 0.629924 0.456280 0.054442 0.186080
0 0.527930 0.083842 0.041664 0.166959
0 0.556916 0.521521 0.045929 0.210059
0 0.289922 0.386669 0.041622 0.132875
0 0.580537 0.569718 0.087066 0.105046
0 0.597641 0.561920 0.052686 0.080714
0 0.855824 0.038631 0.037914 0.076932
0 0.543485 0.548911 0.018820 0.070466
