0 0.710178 0.7136020000000001 0.040969 0.10662
0 0.46717 0.8421830000000001 0.027443 0.132124
0 0.488687 0.581883 0.023918 0.126354
0 0.47662800000000005 0.195853 0.04424 0.08624000000000001
0 0.807016 0.7169950000000002 0.04716 0.100968
0 0.433216 0.49260799999999993 0.028629 0.115509
0 0.6090189999999999 0.728582 0.023451 0.122534
0 0.5225689999999998 0.42990700000000004 0.035606 0.10564400000000002
0 0.131922 0.600825 0.027434 0.129247
0 0.573928 0.579428 0.041166 0.099626
0 0.7220729999999999 0.621142 0.034029 0.091766
0 0.732207 0.48822100000000007 0.026481999999999995 0.127994
0 0.404304 0.20433399999999996 0.023639 0.104216
0 0.6027669999999999 0.625914 0.028599 0.115757
0 0.8099070000000002 0.48308499999999993 0.035183 0.10100400000000001
0 0.5414 0.517597 0.042073 0.088467
0 0.4457729999999999 0.38572599999999996 0.019838 0.10634199999999999
0 0.602206 0.471532 0.036847 0.08003599999999998
0 0.640155 0.567797 0.029958 0.073852
0 0.665808 0.603962 0.035575 0.081588
0 0.606677 0.54383 0.029683 0.08812400000000001
0 0.6128135912135919 0.492013236378904 0.03277271680001768 0.06276910768327532
