0 0.48369547856320366 0.7569352761685433 0.05331199999999999 0.138867
0 0.497773 0.579522 0.056645 0.133904
0 0.44039800000000007 0.8101239999999998 0.056936 0.155518
0 0.610528 0.281927 0.033048 0.142479
0 0.579612 0.4265860000000001 0.02972 0.141967
0 0.38241100000000006 0.300869 0.038293 0.137561
0 0.22277000000000002 0.547283 0.039765 0.141526
0 0.6059299999999999 0.782721 0.023166 0.16534700000000002
0 0.217325 0.471879 0.048444 0.144078
0 0.455216 0.512054 0.063173 0.091384
0 0.628838 0.7353450000000001 0.029355 0.156235
0 0.767365 0.414019 0.029136 0.143566
0 0.4871169999999999 0.33964 0.026642000000000002 0.147143
0 0.3407879999999999 0.276309 0.028699 0.124632
0 0.42397000000000007 0.45318600000000003 0.047925 0.097121
0 0.306176 0.38776200000000005 0.052766 0.11191
0 0.334086 0.439566 0.04982600000000001 0.103865
0 0.279021 0.280596 0.045874 0.118748
0 0.2629515191338605 0.34641323189757484 0.03958409965455964 0.13655467182419506
0 0.37345713066950625 0.46830712607193303 0.04759516744179201 0.09550449440465186
0 0.36733102000868145 0.5131272177442916 0.047595167441791944 0.10807087524736915
0 0.3687447378534871 0.5520829983567154 0.058904910200237526 0.12901484331856472
