0 0.48755400000000004 0.500954 0.060753 0.123505
0 0.7122499999999999 0.686093 0.035442 0.134799
0 0.650386 0.7103919999999999 0.036636 0.148527
0 0.244273 0.2546570000000001 0.057955 0.11926200000000002
0 0.5830580000000001 0.6742089999999998 0.036808 0.129836
0 0.43003499999999995 0.437714 0.04794400000000001 0.09352
0 0.252383 0.508442 0.044417 0.126625
0 0.218579 0.429453 0.051546 0.139569
0 0.472133 0.764686 0.031143 0.155327
0 0.392787 0.333019 0.034377 0.123716
0 0.542168 0.380357 0.022377 0.136676
0 0.6985430000000001 0.541008 0.025129 0.136156
0 0.530878 0.686312 0.040775 0.126762
0 0.290718 0.353891 0.049649 0.118124
0 0.338684 0.284326 0.046437 0.101119
0 0.533119 0.197684 0.02253 0.127082
0 0.311414 0.235288 0.032753 0.098926
0 0.323642 0.39059599999999994 0.045473999999999994 0.096047
0 0.4986977488041919 0.7224502566298326 0.04256474441927352 0.12986720819814393
0 0.36151272793937095 0.41056444166578593 0.04313994366818271 0.08896415049794115
0 0.3592119309437345 0.4524900758084938 0.04198954517036448 0.1032802206930122
0 0.3718663144197347 0.4887915395174238 0.05004233465509195 0.12270917310060846
