0 0.928765 0.48035200000000006 0.055488 0.18496
0 0.314405 0.248779 0.033161 0.16835
0 0.37461 0.587425 0.032706 0.175093
0 0.289043 0.527957 0.024175 0.177068
0 0.452319 0.6703309999999999 0.03279 0.188938
0 0.17153499999999997 0.65913 0.032432 0.180853
0 0.319816 0.44236700000000007 0.025124 0.17485099999999998
0 0.5242556631870032 0.6608984674595518 0.07941523767267455 0.13709039417891644
0 0.5239679268186239 0.6184413677698126 0.04316045525688843 0.12992895567703258
0 0.4537602529340856 0.5790534560094526 0.031651000521718015 0.1780128999039659
0 0.4503074165135347 0.5207388853512568 0.02129249126006478 0.16778227347270358
0 0.4569253529862574 0.4787933169830808 0.0437359279936468 0.16778227347270344
0 0.5665529093387538 0.5253426672453249 0.025896273154133027 0.17289758668833477
0 0.5466990999205852 0.508973664955305 0.028773636837925522 0.1708514614020823
0 0.5406566361846208 0.4562859388343036 0.029349109574684108 0.15550552175518867
0 0.4816706806668734 0.5325041057472085 0.02647174589089147 0.1831282131195971
0 0.49030277171825104 0.5110197902415574 0.024169854943857486 0.18108208783334462
0 0.4871376716660793 0.48390863019871205 0.027047218627649982 0.19438190219398577
0 0.4569253529862574 0.45117062561867227 0.024169854943857417 0.18415127576272333
0 0.4379347526732266 0.4138288391445646 0.02532080041737444 0.18108208783334467
0 0.47793010787794316 0.40257515007017586 0.0408585643098543 0.1913127142646071
