0 0.133474 0.6580839999999999 0.018289 0.073422
0 0.40980799999999995 0.666827 0.016445 0.061228
0 0.40082799999999996 0.460235 0.018329 0.059187
0 0.032435 0.601719 0.023094999999999997 0.059877
0 0.16847708412441478 0.6579675306861174 0.024428207824713742 0.06686521789057444
0 0.1636302174925271 0.6317729092444491 0.024040458494162743 0.05997189645855649
0 0.1655689641452822 0.5769710038599061 0.008530485272122235 0.06893321432017999
0 0.14870186826631315 0.5707670145710898 0.017448719874795557 0.06479722146096925
0 0.1698342067813433 0.5435383949146186 0.02016296518865264 0.05997189645855649
0 0.1019780739349162 0.6000636306571664 0.019387466527550606 0.06548655360417101
0 0.11574317516947712 0.5528443788478431 0.01589772255259149 0.055146571456144
0 0.10430456991822228 0.5762816717167043 0.014734474560938474 0.04825325002412583
0 0.07212137548248826 0.5973063020843591 0.01395897589983642 0.05721456788574933
0 0.06029502090068238 0.5993742985139645 0.012795727908183388 0.06824388217697816
0 0.42418964575538254 0.32637225624463356 0.018834475610509785 0.0404745751825363
0 0.44198926006861156 0.32471647816898425 0.015936863978123626 0.04084252586601387
0 0.5149785507547953 0.5776730972719364 0.019993807015578683 0.05369495217422525
0 0.6944974137457346 0.5720010952817013 0.02084460731411383 0.05596375297031905
0 0.6827989096408749 0.548178686922714 0.017016005970705093 0.05672001990235053
0 0.8046443823397204 0.7460573284489174 0.031054210896536885 0.07033282467891468
0 0.8331461923406516 0.6904717089446137 0.028501810000931157 0.04688854978594293
0 0.8503748983859905 0.6999250455950056 0.028927210150198876 0.061257621494538624
