0 0.227487 0.706201 0.08635299999999999 0.137823
0 0.761222 0.384722 0.046029 0.161541
0 0.6754389999999999 0.7613539999999999 0.038149 0.184748
0 0.4767759999999999 0.46372699999999994 0.042464 0.117074
0 0.7125659999999999 0.720309 0.029905 0.168625
0 0.5017050000000001 0.430159 0.046055 0.147212
0 0.734264 0.37721399999999994 0.039822 0.159825
0 0.632123 0.595847 0.042816 0.152444
0 0.47343 0.637117 0.032471 0.183564
0 0.6483909415971394 0.9036551450139053 0.042908224076281413 0.1926897099721893
0 0.7020262216924911 0.9037213614090848 0.03098927294398095 0.18434644417957885
0 0.020262216924910606 0.9163686928883591 0.03814064362336114 0.16726261422328179
0 0.30154946364719903 0.922725466825586 0.038140643623361115 0.15454906634882803
0 0.33611442193087016 0.9364984770229108 0.02860548271752087 0.12700304595417833
0 0.37207624972066133 0.6698797529912138 0.03979592824797464 0.13782139652978218
0 0.36329013569188773 0.579377035936657 0.04599789109181479 0.17549257824792255
0 0.3981761766884888 0.5706483474897709 0.06408694938634873 0.09188093101985487
0 0.4757007122364913 0.5913215569692382 0.07442355412608237 0.11301354515442143
