0 0.678852 0.33765 0.04289099999999999 0.112133
0 0.564248 0.446749 0.049408 0.090376
0 0.546808 0.543013 0.060125000000000005 0.078141
0 0.3348 0.785542 0.034185 0.141969
0 0.21536100000000002 0.665214 0.033928 0.13114
0 0.394503 0.458626 0.029533 0.125941
0 0.655261 0.517076 0.05269 0.08861100000000001
0 0.559515 0.24959999999999996 0.03282 0.108285
0 0.50198 0.7468429999999999 0.057706 0.128705
0 0.26923099999999994 0.300728 0.030804 0.11209299999999998
0 0.542312 0.607968 0.055849 0.075384
0 0.616416 0.331408 0.027925 0.117124
0 0.5958299999999999 0.739538 0.047325 0.102509
0 0.514599 0.678659 0.053316 0.081701
0 0.7673986213874122 0.6644291462615745 0.040137720213204775 0.11931650161739533
0 0.7512777337607972 0.6018464713936269 0.04079571562653598 0.132183967478095
0 0.6065187428279277 0.6819756906170739 0.04474368810652336 0.11463742312259555
0 0.6111247107212463 0.646882601906075 0.04342769727986088 0.0959211091433962
0 0.602899768054606 0.6082802043239767 0.04671767434651699 0.102939726885596
0 0.6321805639478455 0.5731871156129781 0.04869166058651061 0.09124203064859643
0 0.7160749791475766 0.364968122594386 0.04408569269319201 0.1122978838751957
0 0.7108110158409267 0.3041401021619883 0.04671767434651699 0.11697696236999555
