0 0.448249 0.823829 0.060141 0.166211
0 0.31993800000000006 0.781996 0.043178999999999995 0.159879
0 0.716418 0.334536 0.034745 0.169109
0 0.432141 0.5839470000000001 0.029496 0.16522000000000003
0 0.514088 0.6201390000000001 0.033747 0.16498
0 0.8182659999999999 0.448309 0.047077 0.142242
0 0.372016 0.543825 0.030508 0.153931
0 0.533068 0.22896499999999997 0.033394 0.109057
0 0.550742 0.419153 0.05138 0.10102
0 0.583624 0.35402100000000003 0.050136 0.091432
0 0.5031320000000001 0.46421100000000004 0.047916 0.141671
0 0.498559 0.329745 0.032071 0.105252
0 0.6191410000000002 0.294194 0.039453 0.085142
0 0.521514 0.34035 0.029371 0.136582
0 0.475304 0.401447 0.030664000000000004 0.10664800000000002
0 0.673891 0.322362 0.05646500000000001 0.099585
0 0.6557157414690059 0.3730870192081227 0.024713413796483934 0.16277541764678713
0 0.6488283966404775 0.48364465906998916 0.03605727586700112 0.1692576245442256
0 0.5965656035298802 0.4850851494916421 0.05064224138623778 0.12316193105133003
0 0.6147968104289258 0.4436710498691188 0.05145251724841742 0.10947727204562689
0 0.6190507587053697 0.3961348659545704 0.04861655173078816 0.10947727204562682
0 0.6368768276733253 0.37056616097023 0.041324068971170004 0.1044355555698413
