0 0.53529 0.576021 0.012539 0.06193
0 0.507622 0.559422 0.022816999999999997 0.051966
0 0.43057400000000007 0.7289510000000001 0.019026 0.054198
0 0.043319 0.44486099999999995 0.0128 0.048988
0 0.8784589999999999 0.443373 0.014628 0.048767
0 0.066656 0.353745 0.013333 0.056265
0 0.7344469999999998 0.570701 0.014191 0.034648
0 0.735901 0.511119 0.012055 0.04738
0 0.43596399999999996 0.8496660000000001 0.015294 0.066408
0 0.7385428481958561 0.46730040825548286 0.021976999398153937 0.044211039724941156
0 0.4343349091582522 0.45804693482468123 0.017350262682753127 0.04626736715400824
0 0.3626204900695394 0.47141306311361697 0.01850694686160324 0.05243634944120927
0 0.4227680673697501 0.40304017609713816 0.01850694686160324 0.04729553086854168
0 0.26339941194546285 0.35515374317444764 0.01515031435015974 0.05267072248154293
0 0.19909474437034042 0.37370820223044576 0.015823661654611312 0.053867784356123494
0 0.18327108271572912 0.4242840664314728 0.021883787394675204 0.048481005920511105
0 0.17268215064061146 0.41202380803578165 0.01214120884744002 0.04532717969710937
0 0.1655997788129381 0.3918783948370664 0.011736501885858707 0.04964405395397705
0 0.1825974711993542 0.36885506546710595 0.01335532973218406 0.04964405395397705
0 0.17065861583270484 0.3501486103540132 0.01214120884744002 0.04676613778273207
0 0.10873845071076055 0.3987134457437735 0.01699769238641606 0.04604665873992083
0 0.028642240262121046 0.3922543035133528 0.01587401267539238 0.060121864432404026
