0 0.131036 0.522415 0.04270899999999999 0.155915
0 0.487626 0.44934199999999996 0.04177899999999999 0.147248
0 0.29330600000000007 0.6085519999999999 0.04549099999999999 0.114335
0 0.8316909999999998 0.470281 0.038218 0.152217
0 0.5686898993494435 0.6396973097139892 0.04994482149975155 0.11906038256506428
0 0.6052971832896024 0.624058022173663 0.04256660923274282 0.11199747851459449
0 0.601040522366328 0.5786536389920708 0.04880971192021164 0.09988964299950297
0 0.5979189710225935 0.5539334748154261 0.05051237628952144 0.10089862929242735
0 0.5979189710225935 0.5125650368055309 0.03916128049412336 0.14932997135279252
0 0.565284570610824 0.5221504065883115 0.0703767939314681 0.10594356075704874
0 0.5539334748154261 0.49692574926520466 0.053350150238371016 0.10594356075704874
0 0.5383257180967536 0.46413369474516564 0.0505123762895213 0.07264701309054772
0 0.5868516526220804 0.3940091473869287 0.046539492761132235 0.08979978007026033
0 0.6084187346333367 0.3924956679475423 0.028377739488495236 0.1190603825650642
0 0.7224972473770873 0.6901466243602029 0.062431026874689335 0.09484471153488158
0 0.7171054768742734 0.6518051452290804 0.050512376289521516 0.08273687601979049
0 0.7188081412435829 0.5791581321385327 0.061863472084919664 0.08677282119148742
0 0.7012139427607161 0.6129591729514959 0.07321456788031767 0.07365599938347202
0 0.696957281837442 0.5680592829163659 0.05562036939745056 0.09484471153488172
0 0.6875926278062383 0.5297178037852435 0.048242157130441825 0.08071890343394195
0 0.6472962377325752 0.48986284521473467 0.05278259544860127 0.09787167041365458
0 0.6254453783264339 0.4343685991038996 0.04313416402251271 0.08172788972686611
