0 0.763963 0.597107 0.030228 0.080581
0 0.370913 0.596797 0.026887000000000005 0.078116
0 0.8094079999999999 0.809738 0.035596 0.074753
0 0.7319930000000001 0.42977399999999993 0.026673 0.077139
0 0.37920300000000007 0.843559 0.032256 0.086434
0 0.178184 0.44447699999999996 0.02491 0.076677
0 0.861414 0.426265 0.019161 0.081067
0 0.797357 0.7462009999999999 0.02274 0.076094
0 0.675586 0.18325699999999998 0.022887 0.058491
0 0.36890600000000007 0.266825 0.025451 0.056324
0 0.6852350000000001 0.254324 0.021081 0.056443
0 0.189261 0.272536 0.018795 0.063578
0 0.3549800000000001 0.161236 0.023026 0.05707500000000001
0 0.7076920000000001 0.345732 0.022409 0.055458
0 0.167741 0.712189 0.021241 0.086532
0 0.6967310000000001 0.296879 0.022098 0.059268999999999995
0 0.36225799999999997 0.450031 0.02244 0.064141
0 0.750220012082905 0.5128759977713149 0.03124470203029233 0.06788972293001755
0 0.6655121532452238 0.13577944586003524 0.025690088336018137 0.05924921273892448
