0 0.39453599999999994 0.660682 0.04308100000000001 0.124031
0 0.45488499999999993 0.18821000000000002 0.04156499999999999 0.106087
0 0.735626 0.571944 0.026655 0.11827700000000001
0 0.433745 0.518177 0.045616 0.08295400000000001
0 0.461569 0.397183 0.032593 0.100303
0 0.527373 0.19053599999999998 0.019307 0.112563
0 0.550837 0.647673 0.025293 0.1226
0 0.5557099999999999 0.395406 0.022923 0.086079
0 0.308599 0.6522139999999998 0.039213 0.101901
0 0.384514 0.443052 0.042645 0.05601500000000001
0 0.2552380000000001 0.43323999999999996 0.035191 0.078504
0 0.3519459999999999 0.567546 0.036031 0.075911
0 0.3765609999999999 0.411494 0.037755 0.09178000000000001
0 0.2693682955899881 0.8549860945570122 0.05005959475566147 0.1250165540987949
0 0.33969010727056015 0.85286716991127 0.02860548271752087 0.13349225268176412
0 0.33417815183614463 0.6068544953302242 0.03740239000624889 0.09142806445971949
0 0.25259418863501426 0.4988031464232831 0.02103884437851498 0.12134997646471846
0 0.4159958799748141 0.5952181962171692 0.048623107008123584 0.08145409379138634
0 0.3785934899685652 0.541608103874879 0.038337449756405136 0.07729827267958114
0 0.373684426280245 0.4967252358673804 0.03974003938163946 0.0590126597876371
0 0.560568320218655 0.4754259351905412 0.024311553504061792 0.096415049793886
0 0.555893021467874 0.5452437298688725 0.03272709125546768 0.10971367735166339
