0 0.757483 0.661709 0.035431 0.082285
0 0.78325 0.772862 0.032652 0.08168000000000002
0 0.37947900000000007 0.7872890000000001 0.025447 0.086798
0 0.914955 0.49430599999999997 0.022628 0.08363800000000002
0 0.372719 0.6099890000000001 0.0281 0.078704
0 0.722048 0.505021 0.029485 0.068646
0 0.7374329999999999 0.590704 0.028945 0.065344
0 0.365219 0.36654 0.026349 0.05652
0 0.162106 0.331887 0.025916 0.06138
0 0.6908940000000001 0.359457 0.025293999999999997 0.065068
0 0.145307 0.648538 0.029129000000000002 0.080258
0 0.36965799999999993 0.50308 0.027676 0.078824
0 0.6519399999999999 0.202631 0.026963 0.078299
0 0.35521699999999995 0.19450200000000004 0.023611 0.052087
0 0.6637430000000001 0.256982 0.025825 0.059329
0 0.35875500000000005 0.260211 0.019766 0.063384
0 0.677505 0.314547 0.018365 0.062545
0 0.7967818831942789 0.8613428684942391 0.03694874851013111 0.07416236260098018
