0 0.5440689999999999 0.6344119999999999 0.043624 0.113792
0 0.5023409999999999 0.8499279999999999 0.046664 0.13111
0 0.670692 0.488186 0.031027 0.130459
0 0.518303 0.522879 0.021688 0.117207
0 0.18010599999999996 0.742158 0.027752 0.131376
0 0.790146 0.399481 0.020381 0.130055
0 0.5558719999999999 0.468304 0.04678800000000001 0.10178
0 0.4375319999999999 0.617607 0.023093 0.122445
0 0.509926 0.26366700000000004 0.023116000000000005 0.11701699999999998
0 0.613757 0.387422 0.03693 0.073136
0 0.306216 0.403265 0.02141 0.113511
0 0.533322 0.186778 0.020928 0.11119300000000001
0 0.718701 0.33523 0.047376 0.08784399999999999
0 0.691586 0.373296 0.038679 0.08054299999999999
0 0.684709 0.248266 0.026448 0.083263
0 0.72414 0.30284 0.037397 0.071373
0 0.003905 0.14314900000000003 0.007784 0.168528
0 0.822156007057231 0.3620543509986618 0.027898999999999997 0.102673
0 0.5868834509546129 0.40791674551474316 0.04439331882754345 0.09345961858430207
0 0.6524998915023416 0.29818823036206266 0.03933092282089376 0.10245943370723484
0 0.6598987779735989 0.3902632620043751 0.03465794189167866 0.0706139340414726
0 0.6571728724315566 0.4214164681991424 0.03465794189167873 0.07199852098346227
0 0.6521104764249072 0.44045453865150025 0.03387911173680962 0.08099833610639508
