0 0.61999 0.807466 0.05167 0.118303
0 0.571316 0.415033 0.027373 0.128166
0 0.430182 0.357315 0.047972 0.078864
0 0.428651 0.273104 0.045726 0.090744
0 0.298925 0.8279429999999999 0.04107 0.129638
0 0.6434350000000001 0.401429 0.038257 0.074874
0 0.408438 0.57293 0.029813999999999997 0.12601
0 0.296447 0.305959 0.024874 0.108815
0 0.256016 0.389536 0.024451 0.109984
0 0.32244899999999993 0.454539 0.028885 0.11018900000000001
0 0.342825 0.3734529999999999 0.031193 0.09203999999999998
0 0.463159 0.40098599999999995 0.04047799999999999 0.076836
0 0.5456919999999998 0.48444199999999993 0.039236 0.08781900000000001
0 0.499743 0.31555 0.039727 0.069691
0 0.469183 0.519336 0.033477 0.106011
0 0.472870981812849 0.4555687988345912 0.053066141261071495 0.06009795092611881
0 0.5361645680007517 0.45178285202018365 0.04088058289741788 0.08455641932628338
0 0.511596910009515 0.4175409962599532 0.03734284014667992 0.07617065873194129
0 0.5397023107514899 0.4004200683798379 0.03223276728450266 0.09923150036638212
0 0.5137588639127437 0.3836485471911537 0.033805097395941744 0.07407421858335575
0 0.5112038274816552 0.34870787804806125 0.038915170258119004 0.07826709888052673
0 0.7413799564628372 0.3764487433618985 0.03559490441793244 0.10621971477097332
