0 0.7101239999999999 0.623186 0.037738 0.100191
0 0.8384560000000001 0.541179 0.023744 0.105748
0 0.523384 0.492897 0.027658000000000002 0.09197099999999998
0 0.517699 0.680248 0.024515 0.105469
0 0.6518890000000002 0.753394 0.039729 0.11444899999999998
0 0.5320370000000001 0.218198 0.033065 0.07277
0 0.6706340000000001 0.48900400000000005 0.047313999999999995 0.088388
0 0.382557 0.247336 0.022431999999999997 0.080926
0 0.48365899999999995 0.325946 0.032383 0.07402
0 0.55878 0.437676 0.028165 0.08162600000000002
0 0.722967 0.537208 0.027056 0.087317
0 0.4510660000000001 0.445537 0.026554 0.078072
0 0.682516 0.522875 0.036686 0.100838
0 0.073163 0.57738 0.022556 0.08601900000000001
0 0.579367 0.325825 0.026080000000000002 0.074711
0 0.701776 0.460312 0.026812999999999997 0.05835
0 0.6681556151762124 0.7306467317784338 0.035006530619727985 0.09215394385364306
0 0.7137468024709088 0.5231423831581652 0.03719637946495098 0.07557359637323366
0 0.7522777969340082 0.6319167232458334 0.028087062044963033 0.10863704478652352
0 0.7868172921514625 0.6265186092191739 0.044787477314940954 0.09649128822653942
0 0.759299562445249 0.609986885012529 0.02618928758246554 0.10121463799986657
0 0.7919412832002058 0.5748991438392419 0.02846661693746242 0.09041840994654735
