0 0.38677700000000004 0.585848 0.065166 0.285712
0 0.742496 0.578471 0.061577 0.227796
0 0.355819 0.445582 0.051239999999999994 0.224743
0 0.378491 0.44471000000000005 0.050381 0.217794
0 0.585045 0.564537 0.079959 0.273757
0 0.7114753412619002 0.8584594676736246 0.0944470831516071 0.28308106465275074
0 0.3922285891213438 0.8515212062850769 0.06010268927829543 0.26642923732023605
0 0.44725767475926376 0.8438891187576743 0.07649433180873963 0.276142803264203
0 0.5108728588655115 0.663494322655431 0.04917492759133268 0.24283914859917366
0 0.5506811335823046 0.6850029329599292 0.11318038890068628 0.29140697831900814
0 0.5081409184437707 0.48775977561491146 0.08742209349570253 0.17900714382453364
0 0.43672019027540665 0.43849811975622194 0.06322490690314182 0.20537253710101538
0 0.45662432763380323 0.39478707300837074 0.053077699622390784 0.20676018937872492
