0 0.214389 0.442516 0.045375 0.090468
0 0.791485 0.615287 0.019896 0.115214
0 0.757057 0.533682 0.033577 0.091223
0 0.6426919999999999 0.73946 0.028789 0.118506
0 0.850367 0.735672 0.023829 0.108022
0 0.7795360000000001 0.685773 0.035877 0.102934
0 0.633838 0.48164999999999997 0.030381000000000002 0.097766
0 0.407351 0.501365 0.023706 0.099526
0 0.6439159999999999 0.604511 0.027775000000000005 0.103588
0 0.40813199999999994 0.41736199999999996 0.027584 0.082208
0 0.829775 0.550754 0.025326 0.077056
0 0.609958 0.407366 0.017393 0.089567
0 0.7722960000000001 0.7998879999999999 0.028408 0.102371
0 0.22228843861740166 0.9408025427095749 0.027413587604290832 0.11018408157859895
0 0.7747318235995232 0.9238511455436366 0.028605482717521086 0.11865978016156788
0 0.6218298321387796 0.5502663724043116 0.027801631839289628 0.09665357439437017
0 0.6076201091986982 0.5304963230963723 0.03027288800278221 0.09226023010371698
0 0.8532011904457572 0.6211090490910943 0.02471256163492427 0.10873527119366642
