0 0.6676619999999999 0.612641 0.040467 0.09905100000000001
0 0.475908 0.614382 0.024843 0.110365
0 0.584927 0.555157 0.034379 0.103098
0 0.616125 0.185496 0.030474 0.088476
0 0.4943449999999999 0.179983 0.029061 0.09449
0 0.547236 0.478623 0.029422999999999998 0.107517
0 0.616601 0.297368 0.035307 0.097593
0 0.7426790000000001 0.42963400000000007 0.026954 0.11404200000000002
0 0.7131690000000002 0.45307600000000003 0.025234999999999997 0.097601
0 0.576367 0.32866999999999996 0.023467 0.099909
0 0.585116 0.47984000000000004 0.038173 0.065078
0 0.65397 0.513844 0.031672 0.077408
0 0.35564300000000004 0.67439 0.019037 0.10330599999999998
0 0.5413069999999999 0.38599200000000006 0.022618 0.098896
0 0.337334 0.46998000000000006 0.019181 0.096923
0 0.342274 0.358947 0.022638 0.091016
0 0.5835529999999999 0.4255630000000001 0.036715 0.050366
0 0.6411190000000001 0.47844800000000004 0.029725 0.07195
0 0.636175 0.41356399999999993 0.033765 0.058582
0 0.6201570000000001 0.45393 0.029102000000000003 0.077063
0 0.6895113230035758 0.8232022248708779 0.04648390941597143 0.10806515693285661
0 0.6440827008628363 0.37646241251352025 0.041748429653741044 0.06795996045374714
