0 0.7642049999999999 0.6474539999999999 0.037943 0.091782
0 0.8913850000000001 0.5876749999999998 0.05505499999999999 0.056642
0 0.732406 0.6940709999999999 0.039018 0.086829
0 0.549053 0.5697799999999998 0.025255999999999997 0.08749000000000001
0 0.5821800000000001 0.587926 0.028169 0.098706
0 0.830259 0.530712 0.021574 0.090827
0 0.5910940000000001 0.494825 0.026400999999999997 0.06887
0 0.33293 0.29591 0.026709 0.066741
0 0.178953 0.3963590000000001 0.018516 0.056402
0 0.6822469999999999 0.546875 0.020931 0.070106
0 0.5475680000000002 0.410731 0.022676 0.055293
0 0.70485 0.48858199999999996 0.018904 0.04641599999999999
0 0.35326 0.288937 0.019332 0.082719
0 0.42610314775216734 0.4321288488314909 0.019368324897825816 0.07058678407207623
0 0.42658735587461294 0.4153429672533753 0.01743149240804314 0.07489085627159305
0 0.5340815590575461 0.21864686773545552 0.020336741142717187 0.05853538191342899
0 0.5471551783635785 0.213912388315987 0.014526243673369379 0.06111782523313916
0 0.7197137293267869 0.7865354775587896 0.040396639208577625 0.10132977384434697
0 0.7955266001702819 0.6330651404741477 0.028222309584074737 0.10329734226850902
0 0.6476581475283452 0.4991916878703106 0.019356836092823924 0.08370523715815821
0 0.671682346487779 0.49336319100860165 0.049921687172901553 0.03463401603323263
