0 0.53826 0.24264900000000003 0.051223 0.09444
0 0.503506 0.672811 0.033228 0.136668
0 0.107639 0.631338 0.037999 0.143112
0 0.431811 0.507868 0.033421 0.129087
0 0.6564290000000002 0.35784 0.049426 0.101834
0 0.545292 0.445318 0.05188000000000001 0.106776
0 0.5349299999999999 0.7428490000000001 0.027229999999999997 0.142443
0 0.6357589999999999 0.667748 0.045786 0.1011
0 0.4644420000000001 0.24878000000000003 0.029377 0.11705700000000001
0 0.877722 0.493749 0.038855 0.114684
0 0.579947 0.541351 0.046135 0.093488
0 0.4465370000000001 0.367561 0.022925 0.125991
0 0.8107039999999999 0.5597290000000001 0.04076 0.105807
0 0.710828 0.661704 0.045868 0.08489200000000001
0 0.784113 0.49408300000000005 0.02762 0.135288
0 0.6471339999999999 0.469912 0.041773 0.070406
0 0.49396373834468194 0.6084091452710885 0.05399664681752547 0.12924337065696975
0 0.6144972174038094 0.6085158854437721 0.06026474088037361 0.08065393536050003
0 0.6395510984439646 0.5516368041634194 0.041305047120256046 0.08005204032049619
0 0.6805175796042187 0.5760135532835707 0.040627915200251864 0.08065393536049989
0 0.7004929712443425 0.6151367308838132 0.03859651944023924 0.09148804608056721
0 0.6519087559840413 0.5043880435231267 0.036226557720224546 0.06861603456042545
