0 0.639533 0.31315799999999994 0.038836 0.099709
0 0.683964 0.622834 0.049369 0.117084
0 0.44486899999999996 0.7034229999999999 0.027949 0.119534
0 0.807603 0.536339 0.028937 0.11593499999999998
0 0.608939 0.6641810000000001 0.025798 0.122763
0 0.588254 0.426122 0.039427 0.106914
0 0.582823 0.34819 0.034366 0.10428100000000001
0 0.42475699999999994 0.30024900000000004 0.019018 0.11184200000000001
0 0.30455 0.5715250000000001 0.023281 0.111184
0 0.531323 0.530142 0.022151 0.114406
0 0.7574739999999999 0.4648590000000001 0.025554 0.128566
0 0.172177 0.428013 0.021292 0.1097
0 0.522889 0.43803400000000003 0.025475000000000005 0.114821
0 0.61933 0.602045 0.024583 0.114311
0 0.601701 0.520219 0.046966 0.075782
0 0.7050821985896786 0.5945617294991922 0.03702298592361217 0.10677246310809607
0 0.685747972607348 0.5506826350712075 0.03784571894413688 0.08337027941317082
0 0.671967194513559 0.5232582010537171 0.03825708545439909 0.08117632469177166
0 0.6534557015517529 0.48815492551132933 0.03249795431072613 0.08263896117270442
0 0.6674421629006733 0.45561126381057415 0.03907981847492394 0.07898236997037245
0 0.6764922261264449 0.40844123730049064 0.04319348357754734 0.08117632469177159
0 0.6810172577393309 0.370047029676004 0.03332068733125084 0.10384719014623041
