0 0.52574 0.617059 0.020654 0.080018
0 0.6270040000000001 0.5817420000000001 0.018687 0.08418799999999999
0 0.534422 0.8352709999999999 0.030204999999999996 0.094168
0 0.513813 0.814491 0.022065 0.075208
0 0.5014119999999999 0.347685 0.029943 0.071597
0 0.601422 0.45579300000000006 0.021265999999999997 0.060092999999999994
0 0.17788194664289464 0.424823638407379 0.031240079751176777 0.06051146459266086
0 0.4467953551950979 0.3125127486828844 0.018977073962435753 0.050173004664217584
0 0.5965613507165705 0.37024217234974377 0.030168681683872194 0.06747404075532713
0 0.6050767044176635 0.30406570930124993 0.028708906763684892 0.05449826368699504
0 0.6340289070013795 0.41479234028435097 0.026275948563372536 0.06487888534166075
0 0.65787189736444 0.42647053964584986 0.030168681683872337 0.07612455880088191
0 0.6605481513847835 0.4065743481410739 0.02578935692331001 0.06574393714621621
0 0.7203989231124655 0.43728368720279337 0.030655273323934723 0.0804498178236593
0 0.7026383282501857 0.42776811735268294 0.02432958200312285 0.06833909255988253
0 0.6690635050858763 0.36634943922924423 0.023356398722997652 0.07006919616899353
0 0.658115193184471 0.32958473753563644 0.017030707402185926 0.06920414436443817
0 0.7094506112110602 0.38408300122263145 0.023356398722997794 0.07266435158265992
0 0.7262380227932149 0.3780276385907431 0.01605752412206087 0.07612455880088191
0 0.7980102897024269 0.43858126490962646 0.02141003216274825 0.07958476601910376
0 0.8157708845647068 0.4221452806230724 0.02092344052268558 0.07958476601910369
0 0.8157708845647066 0.4065743481410739 0.018977073962435895 0.08131486962821484
