0 0.66216 0.345655 0.049844 0.162547
0 0.6647980000000001 0.540113 0.04636500000000001 0.161458
0 0.587798 0.556502 0.03876 0.154145
0 0.10697199999999998 0.548268 0.035197 0.1655
0 0.584871 0.660097 0.032569 0.1656
0 0.54029 0.46029 0.033123 0.17579599999999998
0 0.395809 0.39449200000000006 0.028604000000000004 0.16487400000000002
0 0.378522 0.362677 0.038878 0.159525
0 0.331063 0.459214 0.043355 0.178917
0 0.7210020000000001 0.39625599999999994 0.04186100000000001 0.116261
0 0.48210299999999995 0.529488 0.033699 0.173103
0 0.315772 0.397889 0.032386 0.14951
0 0.46293599999999996 0.632549 0.037081 0.174658
0 0.725745 0.537018 0.040784 0.193944
0 0.42884900000000004 0.450903 0.029496 0.173934
0 0.441497 0.464499 0.030718000000000002 0.186809
0 0.7327420000000001 0.560088 0.028587 0.16845600000000002
0 0.47953355923025454 0.5999402736342575 0.039164589523839125 0.1692865917544593
0 0.6221091977215191 0.5374846184233157 0.036024995983379285 0.13806982587569266
0 0.5921663439171521 0.47094494330250003 0.030410710895060263 0.13141585836361108
0 0.5898270584636858 0.43476399495555657 0.04070356689031151 0.15719998247292707
