0 0.447482 0.6465549999999999 0.031336 0.093255
0 0.448836 0.231769 0.028149999999999998 0.097341
0 0.6509029614269664 0.6442819999999999 0.04639 0.08978600000000002
0 0.615449 0.8496869999999999 0.034967 0.105415
0 0.64255 0.268912 0.026968000000000002 0.085406
0 0.7377029999999999 0.422089 0.036072 0.099542
0 0.6836289999999999 0.8444999999999999 0.042688 0.100332
0 0.136976 0.4569349999999999 0.025405 0.109349
0 0.4675226281775734 0.3150301262143734 0.03098425043755128 0.10639340789515363
0 0.4673104072841655 0.40746411534314153 0.03140869222436706 0.0996023393061013
0 0.503812400950322 0.44104217670012263 0.03395534294526179 0.10790253424827632
0 0.5592020541297803 0.25919245114883166 0.04881080548381391 0.08526563895143514
0 0.5825463524046478 0.290129541387848 0.033530901158446154 0.09432039707017176
0 0.6162894744565017 0.29880701791830383 0.022919856488051737 0.11318447648420601
0 0.5562309616220699 0.3535128482190034 0.05135745620470857 0.09432039707017172
0 0.610135068547673 0.3493627507479159 0.029286483290288247 0.09658408659985582
0 0.6001606865575024 0.3595493536314944 0.022919856488051806 0.09884777612953986
0 0.625202751979633 0.40557770740173815 0.022919856488051595 0.10639340789515359
0 0.6315693787818697 0.445569555759491 0.029710925077104093 0.1079025342482764
0 0.570874203267214 0.43764664240559653 0.03650199366615638 0.09809321295297856
0 0.5795752598969375 0.49122062794145405 0.03522866830570905 0.11620272919045156
0 0.7285543270692736 0.38633634639942316 0.024193181848498994 0.10262059201234677
