0 0.667153 0.39942099999999997 0.036514 0.09263499999999998
0 0.540584 0.5576340000000001 0.025170000000000005 0.110909
0 0.38034199999999996 0.4304780000000001 0.031518 0.101516
0 0.621489 0.46890099999999996 0.043367 0.094986
0 0.509158 0.32947599999999994 0.027866999999999996 0.09994
0 0.742412 0.664235 0.04306299999999999 0.091432
0 0.64692 0.5860590000000001 0.047541 0.072479
0 0.6790020000000001 0.734742 0.044695 0.08463599999999999
0 0.697954 0.801946 0.029760999999999996 0.092933
0 0.49131300000000006 0.666771 0.022156 0.116079
0 0.16892600000000002 0.5576819999999999 0.024453999999999997 0.100205
0 0.616232 0.187336 0.036904 0.095277
0 0.65999 0.662353 0.052075 0.07949
0 0.524527 0.19085999999999997 0.019813 0.096339
0 0.6568146680643477 0.3284617151108345 0.03523893897215565 0.08962001763288996
0 0.7772143762192133 0.7787370464217136 0.05775270553769971 0.09919108747717914
0 0.827136206429767 0.5668683639594932 0.02838692306090323 0.11224254635575541
0 0.8122086003373957 0.5351098140216244 0.027897493352956673 0.09571069844289219
0 0.7223982489291931 0.6343009014988036 0.03621779838804883 0.07482836423717032
0 0.7018422011954357 0.5977568166387903 0.03621779838804898 0.08004894778860085
0 0.7096730765225814 0.5625178776666344 0.03719665780394223 0.07395826697859853
0 0.704534064589142 0.5246686469187635 0.03866494692778204 0.07656855875431376
