0 0.46373 0.8023670000000002 0.041645 0.113098
0 0.36440599999999995 0.6535219999999999 0.049927 0.107128
0 0.24306 0.7183810000000002 0.050826 0.11886
0 0.462411 0.546076 0.032937 0.106822
0 0.8017 0.35518900000000003 0.026807999999999995 0.112232
0 0.320667 0.221723 0.041297 0.092746
0 0.3552679999999999 0.7124190000000001 0.029168 0.104847
0 0.7728119999999999 0.687258 0.022848 0.129874
0 0.289232 0.673064 0.050146 0.10833
0 0.37288899999999997 0.569788 0.050105 0.076265
0 0.39216200000000007 0.231237 0.030798000000000002 0.088368
0 0.18605600000000003 0.48863299999999993 0.032423 0.11267299999999998
0 0.2982810000000001 0.43262700000000004 0.039395 0.068105
0 0.160272 0.56673 0.032596 0.10472
0 0.267745 0.609443 0.036747 0.084525
0 0.32344700000000004 0.514985 0.037264 0.085321
0 0.2885443918452682 0.5813428277353799 0.030393 0.08799700000000002
0 0.29698533130168164 0.5620775010281692 0.03410357871406873 0.08168017617937437
0 0.38745454705705823 0.5115536807110304 0.044524116654478474 0.07831192149156521
0 0.30361658271830605 0.4846076432085564 0.0350509003450151 0.07494366680375598
0 0.40024338907483403 0.45092509633046385 0.04736608154731769 0.08841668555499296
0 0.3936121376582095 0.41892667679627593 0.0539973329639421 0.07494366680375592
