0 0.32340800000000003 0.772201 0.05258100000000001 0.107844
0 0.567044 0.8177930000000001 0.036084 0.123067
0 0.224125 0.20145599999999997 0.035505 0.090526
0 0.39610499999999993 0.501521 0.040427 0.100395
0 0.793751 0.61957 0.024244 0.11696
0 0.7221499999999998 0.413972 0.025167 0.109686
0 0.492971 0.38233399999999995 0.024448999999999995 0.097735
0 0.17609499999999997 0.674797 0.030834 0.101375
0 0.44617199999999996 0.653536 0.025279 0.12044
0 0.240989 0.704093 0.021237 0.110709
0 0.282375 0.681683 0.038721 0.091159
0 0.294151 0.198346 0.027644 0.08461199999999999
0 0.170717 0.609996 0.034605 0.100203
0 0.218091 0.38394399999999995 0.039831 0.091827
0 0.38596900000000006 0.735602 0.05327200000000001 0.06681
0 0.266741 0.5395730000000001 0.045263 0.077985
0 0.36145099999999997 0.5567110000000001 0.060732 0.078018
0 0.36891399999999996 0.663087 0.049108 0.072117
0 0.3404159419428274 0.49499346274084766 0.04847028586009824 0.07042691107877516
0 0.29101353520080436 0.6416471481637087 0.0363527143950736 0.07042691107877495
0 0.31361746658748474 0.6196905229450319 0.03775089571796112 0.07954098192426365
0 0.286818991232142 0.5902769306709551 0.037284835276998544 0.08202663760939694
