0 0.5235579999999999 0.721147 0.043373 0.098163
0 0.42379300000000003 0.6525760000000002 0.02721 0.11585099999999998
0 0.287437 0.6670699999999999 0.035887 0.11155
0 0.37935 0.490738 0.030061 0.095913
0 0.45893600000000007 0.25619 0.021469000000000002 0.06327
0 0.255489 0.6197300000000001 0.023811999999999996 0.091786
0 0.304537 0.470606 0.038763 0.086118
0 0.758543 0.43814499999999995 0.029684 0.069481
0 0.46827299999999994 0.15803 0.025957999999999995 0.072331
0 0.3350989999999999 0.277422 0.031972 0.063348
0 0.35198300000000005 0.469734 0.024681 0.071164
0 0.315458 0.60823 0.032416 0.089353
0 0.133935 0.47405500000000006 0.027778 0.078871
0 0.3416509999999999 0.608238 0.01981 0.084699
0 0.498893 0.168559 0.028198999999999995 0.068515
0 0.34606300000000007 0.5358899999999999 0.026589 0.076853
0 0.2771880771984426 0.448424276103811 0.041416040337481023 0.08072524060424684
0 0.27297016789628553 0.6429133512562448 0.035671272718245106 0.09119766654738669
0 0.3703017834560687 0.6178490919071287 0.033293187870362215 0.10025703739646467
0 0.38507988215362743 0.6118095113410766 0.03023565020879829 0.08938579237757104
