0 0.260629 0.6449749999999999 0.039394 0.098117
0 0.18320599999999998 0.818391 0.044381 0.096863
0 0.4102700000000001 0.631726 0.018832 0.100535
0 0.451822 0.273688 0.033883 0.082435
0 0.7152000000000001 0.328617 0.017307 0.098758
0 0.5977079999999999 0.681956 0.025319 0.105233
0 0.411585 0.52024 0.029991 0.08089700000000001
0 0.345112 0.490267 0.039631 0.09596200000000002
0 0.561508 0.183 0.015399000000000001 0.089796
0 0.46174 0.18196 0.028424 0.077358
0 0.470963 0.3795200000000001 0.034842 0.078533
0 0.478437 0.34967099999999995 0.02982 0.055332
0 0.35280095351609064 0.8592239438484967 0.03337306317044103 0.10382730764137207
0 0.4322398562192757 0.44840963308509996 0.02932280431638297 0.06274838783752741
0 0.45151688498282366 0.42427563776297406 0.03203787879012218 0.0588869485859874
0 0.4545034669039367 0.4537191120559676 0.01954853621092191 0.09653598128850377
0 0.349158577322857 0.4710955886878983 0.038011042632348335 0.07722878503080302
0 0.3668065614021617 0.45323643214952514 0.03203787879012218 0.0627483878375275
0 0.39911594763965774 0.4281370770145142 0.029322804316383042 0.06274838783752734
0 0.39069921677106634 0.397245563002193 0.026607729842643906 0.06274838783752741
0 0.3969438880606664 0.3605618901125615 0.032580893684869994 0.07047126634060774
0 0.3627339496915529 0.3967628830957504 0.022806625579409073 0.07722878503080295
