0 0.519619 0.338539 0.022110000000000005 0.096062
0 0.311612 0.22193599999999997 0.033418 0.084074
0 0.745291 0.829415 0.034856 0.091397
0 0.526171 0.241663 0.021664 0.08477
0 0.435259 0.42783099999999996 0.039262 0.08034599999999999
0 0.547214 0.4827 0.026914000000000004 0.099859
0 0.6100670000000001 0.308651 0.031807 0.08972799999999999
0 0.682625 0.405574 0.037247 0.087754
0 0.557569 0.32516600000000007 0.025472 0.076187
0 0.165366 0.3567290000000001 0.021078 0.09013200000000002
0 0.675771 0.823115 0.031198 0.102404
0 0.6716000000000001 0.338145 0.021397 0.088223
0 0.455414 0.226936 0.023495 0.082523
0 0.753628 0.257082 0.02381 0.062756
0 0.7291960000000001 0.314985 0.0227 0.093297
0 0.7367376326578534 0.3038633436028835 0.04223962427238362 0.07509266537312637
0 0.5761288287384413 0.2881462741061826 0.040274990585295996 0.06810730115237043
0 0.6053527548338695 0.2610779877507533 0.020137495292647998 0.09255607592501622
0 0.586934314017423 0.2510365266834167 0.02750487161922642 0.08469754117666578
0 0.647837958317139 0.37459015633803733 0.03438108952403304 0.07858534748350429
0 0.6333487848748678 0.356253575258553 0.02504907951036685 0.0943024169802052
0 0.6458733246300512 0.34533894366362183 0.016699386340244687 0.09692192856298863
