0 0.551351 0.704455 0.03339 0.08197499999999999
0 0.28354 0.632137 0.021446 0.070692
0 0.306206 0.638509 0.026817 0.077587
0 0.157979 0.41535200000000005 0.020519 0.083903
0 0.36654700000000007 0.513845 0.028328 0.074553
0 0.756182 0.419818 0.021173 0.0761
0 0.33707700000000007 0.396234 0.01894 0.082953
0 0.475421 0.37839500000000004 0.016633 0.077741
0 0.502908 0.40793100000000004 0.019594 0.069308
0 0.18142599999999998 0.40029 0.019901 0.069151
0 0.439986 0.554947 0.025529000000000003 0.081919
0 0.250276 0.350455 0.020122 0.085279
0 0.418711 0.3563950000000001 0.017769 0.076971
0 0.27149999999999996 0.30713499999999994 0.017703 0.075995
0 0.372237 0.305245 0.016029 0.065443
0 0.392218 0.381867 0.016014 0.078563
0 0.470759 0.251041 0.017688 0.074607
0 0.48183058322145284 0.26318966890712275 0.015273376545101698 0.07338559300949729
0 0.37791287100109555 0.37059724469796124 0.016098964466458553 0.07338559300949733
0 0.24172824511357718 0.6428436040260334 0.03813111477654982 0.0295208630528127
0 0.2515685327978481 0.6135960822977836 0.03628606083574905 0.04209456398271449
