0 0.47308799999999995 0.7945970000000001 0.030082 0.113916
0 0.48887300000000006 0.137659 0.03364 0.08323
0 0.446713 0.30203 0.03469 0.088948
0 0.23057199999999997 0.799519 0.026745 0.129242
0 0.352626 0.832727 0.023799 0.11508500000000002
0 0.38477599999999995 0.614848 0.026445 0.11332300000000001
0 0.573921 0.343256 0.023594 0.095069
0 0.28164600000000006 0.783938 0.039754 0.102359
0 0.6807149999999998 0.19347 0.022950000000000005 0.084697
0 0.48225899999999994 0.488036 0.01663 0.10011900000000001
0 0.6870219999999999 0.444523 0.018996 0.090671
0 0.335027 0.5750899999999999 0.037407 0.082165
0 0.41649200000000003 0.561441 0.025870999999999998 0.099443
0 0.272308 0.48325900000000005 0.025323 0.115933
0 0.442049 0.482331 0.041087 0.062679
0 0.456429 0.4102720000000001 0.016096 0.093579
0 0.293414 0.45381800000000005 0.025126 0.091162
0 0.351852 0.541412 0.029264 0.063323
0 0.4091077912765293 0.5423643815132497 0.03997128315603668 0.05101747821625189
0 0.3764816584440378 0.5235365026477282 0.031430410686798 0.06680860242604418
0 0.3757983886464987 0.48375501665767473 0.03416348987695443 0.0589130403211481
0 0.37989800743173324 0.44609925892663155 0.03211368048433726 0.06863065521948179
