0 0.5623169999999998 0.53138 0.040334 0.137374
0 0.362299 0.407526 0.050171 0.09713699999999999
0 0.5427189999999998 0.690962 0.036634 0.13684
0 0.375912 0.7628310000000001 0.045617 0.141066
0 0.230636 0.287914 0.04201 0.12384
0 0.3353189999999999 0.6524810000000001 0.053467 0.132324
0 0.505818 0.42300699999999997 0.038267 0.127658
0 0.7956640000000001 0.433505 0.027383 0.13921
0 0.792819 0.7521040000000001 0.033952 0.145957
0 0.361084 0.24272299999999997 0.035014 0.127428
0 0.40303200000000006 0.710001 0.04552799999999999 0.131657
0 0.16175599999999998 0.31475200000000003 0.04868399999999999 0.125739
0 0.178644 0.538068 0.026397 0.143343
0 0.39412800000000003 0.511792 0.042686 0.085471
0 0.425454 0.5597 0.04936100000000001 0.090263
0 0.459362 0.2819 0.028466 0.124288
0 0.303769 0.50275 0.042832 0.094301
0 0.284388 0.45992599999999995 0.044899 0.069482
0 0.46336684765800656 0.6292818263552379 0.04859909962140776 0.10022214321925858
0 0.3481527540513831 0.6030217007376956 0.04283578961227583 0.09899826932614858
0 0.3347178927638966 0.5708299558169548 0.04322520588147832 0.09692138255706859
0 0.3481527540513831 0.5275614814611207 0.046729952304300965 0.0754602192765747
