0 0.667825 0.69426 0.033815 0.115686
0 0.536931 0.492955 0.051014 0.083422
0 0.32404199999999994 0.745628 0.033926 0.11079900000000001
0 0.466297 0.7721959999999999 0.05226600000000001 0.123636
0 0.745907 0.216372 0.04560899999999999 0.103856
0 0.2628789999999999 0.6997550000000001 0.024893000000000002 0.120077
0 0.600161 0.527967 0.04501 0.087117
0 0.57589 0.583963 0.039436 0.083442
0 0.602358 0.6431650000000001 0.028948 0.131162
0 0.6928639999999998 0.623051 0.027659 0.125926
0 0.497241 0.5876329999999998 0.03837 0.079125
0 0.666655 0.211237 0.033492 0.089677
0 0.453551 0.6509970000000002 0.047847 0.076558
0 0.013831 0.066755 0.025526 0.10062100000000002
0 0.3477910604821872 0.6148469056701655 0.03241811669500713 0.13188909014378972
0 0.4023407760747474 0.5261819711197186 0.03553524330029617 0.09863973968737212
0 0.3845731544245992 0.6098595031017028 0.0324181166950072 0.11304779155181975
0 0.24336731920500093 0.43807119241021214 0.03179469137394932 0.12191428500686442
0 0.40910574596411337 0.7272477512375346 0.05182813600189626 0.10220450348833325
0 0.5261209100024433 0.7320784700622666 0.0391977499174007 0.11846431086147731
0 0.5269919711117188 0.6856218775675696 0.032229261043196046 0.09368746153097227
0 0.5435421321879547 0.6585221986123296 0.037455627698849484 0.0921389084478156
0 0.5378802349776635 0.6112913295760545 0.03658456658957391 0.06891061220046715
