0 0.461959 0.624245 0.033065 0.071743
0 0.645119 0.739834 0.030358 0.078492
0 0.450787 0.8166569999999999 0.033131 0.068623
0 0.139339 0.794316 0.029359000000000003 0.075929
0 0.55514 0.4448309999999999 0.027153 0.062982
0 0.46393900000000005 0.18477400000000002 0.022704 0.052133000000000006
0 0.174443 0.630894 0.027470000000000005 0.066258
0 0.90853 0.272948 0.029585 0.06566
0 0.194558 0.493329 0.021825 0.054359000000000005
0 0.174493 0.557187 0.02567 0.061282
0 0.219103 0.24201600000000004 0.024044 0.043421
0 0.178801 0.721595 0.040164 0.06085
0 0.20962400000000003 0.19780799999999998 0.020564 0.04643100000000001
0 0.5754550000000002 0.23557099999999997 0.025621 0.056543
0 0.17888699999999996 0.281941 0.023014999999999997 0.052034
0 0.19487485101311086 0.4206065421798437 0.027413587604290832 0.05721096543504174
0 0.19189511323003575 0.39094159713945165 0.02860548271752087 0.06144881472652628
0 0.1966626936829559 0.33796848099589455 0.02860548271752087 0.052973116143557174
0 0.4469606674612634 0.41848761753410135 0.0286054827175208 0.05721096543504174
0 0.4535160905840286 0.2987683750496623 0.027413587604290867 0.059329890080784015
