0 0.630129 0.571907 0.046914 0.100701
0 0.323718 0.639348 0.058894 0.100344
0 0.245436 0.806751 0.052930000000000005 0.095413
0 0.44745899999999994 0.266607 0.041715 0.090178
0 0.546983 0.711791 0.031011999999999998 0.128938
0 0.453069 0.47899299999999995 0.037274 0.109022
0 0.823491 0.3865219999999999 0.031273 0.097477
0 0.35777300000000006 0.287644 0.036605 0.104923
0 0.290091 0.505441 0.039868 0.111083
0 0.6111049999999999 0.205035 0.028561 0.096856
0 0.543526 0.28039 0.026160000000000003 0.09995099999999998
0 0.23121375866970267 0.4097930164270393 0.042428810837516304 0.1166792298031698
0 0.2229268815530003 0.39329292332356075 0.052373063377559176 0.08367904359621271
0 0.4150068060044562 0.8797850359603706 0.04110291049884388 0.12492927635490901
0 0.31342934822380336 0.5477497852888031 0.028871911990812116 0.12220915128386074
0 0.3570809294480074 0.503143445070194 0.058431250457595854 0.12098705977102213
0 0.3230533188874074 0.47870161481342177 0.042620441510246396 0.10387777859128157
0 0.3804534296310457 0.4243185424921039 0.04468272093816154 0.10754405312979735
0 0.34401982640454476 0.41637494765865285 0.03505875027455751 0.10387777859128157
0 0.36911089277751236 0.374212790465721 0.0329964708466423 0.11243241918115185
0 0.3997013709582538 0.3436605026447557 0.048807279793991895 0.09043477195005689
