0 0.354949 0.7199839999999998 0.05211 0.140257
0 0.8171339999999999 0.35421199999999997 0.0317 0.121139
0 0.16473400000000002 0.569726 0.046863 0.141666
0 0.385569 0.538285 0.054336999999999996 0.089216
0 0.49957799999999997 0.279238 0.033471 0.130627
0 0.288194 0.369957 0.036143 0.112923
0 0.587101 0.621358 0.034112 0.13644
0 0.203313 0.531137 0.038789 0.128876
0 0.769769 0.617903 0.032042 0.135504
0 0.452509 0.74724 0.030823 0.144928
0 0.28519500000000003 0.48262 0.050297999999999995 0.095112
0 0.306803 0.530757 0.046211 0.075737
0 0.34963800000000006 0.3968769999999999 0.032609 0.120654
0 0.43289850821755516 0.6921822301019686 0.050498727078632726 0.11709849757364119
0 0.41460186797167364 0.638186811776345 0.059281114396655926 0.08977551480645829
0 0.25761669466201087 0.4436731963623519 0.03805701171143341 0.13271163058346006
0 0.3070176233258908 0.7077953631117873 0.04171633976060974 0.1301094417484903
0 0.3198252714980077 0.6642087001260429 0.043911936590115455 0.13661491383591481
0 0.317629674668502 0.616718753887844 0.04683939902945653 0.10148536456382252
0 0.3315351212553719 0.5750837325283271 0.045375667809786045 0.09628098689388288
0 0.3794723186995813 0.47424891517324724 0.0387888773212687 0.11839959199112621
0 0.3710558641864759 0.4228556856825935 0.020492237075387224 0.13010944174849037
