0 0.613749 0.841374 0.035231 0.13568
0 0.345537 0.688021 0.057857000000000006 0.11298400000000001
0 0.3291990000000001 0.216653 0.024392 0.117157
0 0.24591200000000002 0.226692 0.04647300000000001 0.10461499999999999
0 0.6374110000000001 0.332409 0.02415 0.117787
0 0.44519600000000004 0.531973 0.036346 0.117614
0 0.842637 0.559882 0.02561 0.1336
0 0.175593 0.594522 0.033616 0.11726799999999998
0 0.281355 0.43662 0.046103 0.074563
0 0.368407 0.41322699999999996 0.045309 0.083617
0 0.396746 0.569293 0.0431 0.078654
0 0.300488 0.491062 0.038349 0.081861
0 0.33002500000000007 0.529153 0.04643100000000001 0.08223600000000002
0 0.1772194695322459 0.5201964528558461 0.026450667094365058 0.11873410562359432
0 0.29393303808613175 0.7365041304275425 0.0562076675755258 0.12108527603198212
0 0.3064971049559553 0.6412817288878284 0.036369667254751936 0.10697825358165418
0 0.3183999051484194 0.5907315651074864 0.03372460054531544 0.0834665494977741
0 0.3114566050361486 0.5695710314319942 0.04364360070570225 0.06935952704744615
0 0.44205677381457603 0.7100534633331776 0.03372460054531551 0.10580266837746023
0 0.40899343994661974 0.6453962771025076 0.044304867383061435 0.0846421347019681
0 0.3952885774501341 0.5110193641696636 0.04939618595668151 0.073351721891229
0 0.41388478863382594 0.4536810463532804 0.04242260676279713 0.10124603866676679
