0 0.606486 0.780224 0.05444499999999999 0.137031
0 0.483307 0.7554129999999999 0.028851 0.149107
0 0.8069699999999999 0.430748 0.037513 0.11707700000000001
0 0.260718 0.449899 0.030327000000000003 0.128236
0 0.245985 0.709986 0.026762 0.152395
0 0.43444099999999997 0.47665 0.030008 0.137718
0 0.34389100000000006 0.268701 0.023114 0.129308
0 0.5696250000000002 0.48824399999999996 0.04566099999999999 0.090926
0 0.474551 0.35971400000000003 0.021963 0.133168
0 0.773137 0.462218 0.025604000000000002 0.13845
0 0.591869 0.41432900000000006 0.044577 0.065487
0 0.706274 0.35391399999999995 0.047497 0.119642
0 0.618398 0.33685299999999996 0.030238 0.100875
0 0.635099 0.273384 0.032959 0.088904
0 0.5193132613623881 0.5857378326837384 0.052385893941368875 0.12945136458400483
0 0.5631483598697153 0.7394559962568334 0.054481329699023674 0.1359704980522642
0 0.704570596916837 0.2858033201562316 0.06038098313159807 0.11002756926202348
0 0.6349437757432128 0.5373907498712244 0.0418893070475464 0.11539476776260997
0 0.6379628248997926 0.5038457592425586 0.04339883162583611 0.0966095730105571
0 0.6309812737252016 0.4585600218938599 0.044530975059553696 0.07715347844593104
0 0.662115218152432 0.4334012789223607 0.044153593914981144 0.08855877525967742
0 0.6798521319473388 0.39012824101138194 0.04490835620412625 0.08520427619681087
