0 0.754136 0.540777 0.058303 0.119739
0 0.2929880000000001 0.659503 0.07285 0.09818100000000002
0 0.15042 0.4160980000000001 0.028845999999999997 0.17062999999999998
0 0.532561 0.414629 0.04503900000000001 0.131565
0 0.476719 0.601533 0.048525 0.125334
0 0.8837902264600714 0.6240233081711031 0.03933253873659112 0.18434644417957885
0 0.3071998493233009 0.5826819706139053 0.05576858803099935 0.09998436121565206
0 0.3282312236231269 0.587723198910493 0.06380304562868556 0.09662354235126039
0 0.33035799181074976 0.5423521442412053 0.05860427894782973 0.08318026689369368
0 0.32421399482428376 0.5184063098324148 0.05009720619733827 0.07897924331320424
0 0.3554065949094189 0.5209269239807085 0.06238520017027028 0.09242251877077087
0 0.368167204035156 0.4482492160382387 0.07278273353198216 0.09158231405467297
0 0.3759653540564398 0.3726307915894262 0.05813166379502462 0.11006681780882709
0 0.4156650268920664 0.36800966565088755 0.044898439516482466 0.09242251877077087
0 0.4272440981357908 0.334401477006971 0.05387812741977896 0.07897924331320418
0 0.4685979240062352 0.44656880660604287 0.05246028196136372 0.130231730995177
0 0.4482754724356168 0.46673371979239286 0.05624120318380434 0.0882214951902813
0 0.425117329948168 0.47975689289191054 0.055295972878194065 0.09242251877077087
0 0.44473085878957863 0.525968152277296 0.0803445759768632 0.0789792433132041
0 0.4265351754065832 0.5587361362051148 0.06380304562868559 0.09578333763516249
0 0.43007978905262123 0.5957051437134231 0.060494739559050076 0.09746374706735843
