0 0.567531 0.63001 0.048883 0.10847199999999999
0 0.3728099999999999 0.378095 0.036595 0.092671
0 0.580425 0.534783 0.022877 0.104948
0 0.34198 0.554864 0.022981 0.11946
0 0.502017 0.33539100000000005 0.024405 0.088752
0 0.312968 0.54737 0.022415000000000004 0.115027
0 0.221463 0.19034800000000002 0.037288 0.09409700000000001
0 0.697847 0.84905 0.026414 0.122364
0 0.304891 0.17918 0.01754 0.100506
0 0.298079 0.309563 0.037843 0.093931
0 0.37276000000000004 0.273846 0.019424 0.09806200000000001
0 0.52862 0.4760769999999999 0.022332 0.093701
0 0.7382110000000001 0.399778 0.017478 0.10083599999999998
0 0.538623 0.549991 0.034778 0.069968
0 0.4131 0.484234 0.044645000000000004 0.074927
0 0.448541 0.417539 0.030043 0.083118
0 0.434576 0.519275 0.035394 0.073534
0 0.6162680644410379 0.8595400422926409 0.04845868540903887 0.11611356503808366
0 0.48406012924898617 0.47896845578209435 0.04529833636062342 0.06273878110928699
0 0.47326227000023297 0.6049142178596929 0.038450913422389515 0.09925837011320049
0 0.4629911355928823 0.5777586260362703 0.03476383953257134 0.07865757631612126
0 0.4624644107514797 0.5351524388650379 0.028443141435740244 0.07772117659807208
