0 0.308931 0.558964 0.044002 0.254826
0 0.650766 0.573785 0.04970499999999999 0.259557
0 0.553606 0.398044 0.05634700000000001 0.259163
0 0.744958 0.46389700000000006 0.050851 0.26246
0 0.567492 0.10876 0.050656999999999994 0.216805
0 0.522758 0.66475 0.063109 0.302251
0 0.452197 0.545488 0.065615 0.271773
0 0.5192 0.209804 0.057087000000000006 0.23795200000000002
0 0.878575 0.675734 0.044186 0.24136600000000002
0 0.7839599999999999 0.513302 0.045655 0.217099
0 0.22799699999999998 0.51038 0.069807 0.23982200000000004
0 0.6014859999999999 0.8493990000000001 0.063093 0.278112
0 0.8623361144219308 0.7840021189246457 0.09415971394517285 0.275460203946497
0 0.7987868221021165 0.5908301555207869 0.04234828330775727 0.24986169088506047
0 0.781602011484476 0.4402584815376501 0.03743833741700286 0.24113289819038586
0 0.6791068910149767 0.5482772911342483 0.04112079683506877 0.25640828540606636
0 0.45934979067175946 0.4696722319742841 0.05120837593671702 0.2525545709280383
0 0.521570720573362 0.5523887484216455 0.05671465291915993 0.24961788987073555
