0 0.31598 0.693481 0.037393 0.135407
0 0.329823 0.290144 0.047948 0.119505
0 0.378424 0.746016 0.06354 0.11764800000000002
0 0.43548899999999996 0.439278 0.033748 0.123086
0 0.301198 0.57072 0.036524 0.134632
0 0.472881 0.729692 0.049794 0.15974
0 0.27774 0.278859 0.045663 0.110754
0 0.563368 0.611381 0.031957 0.140868
0 0.796801 0.484863 0.03115 0.126041
0 0.544226 0.4825360000000001 0.024884 0.133041
0 0.507163 0.25131099999999995 0.028713 0.122852
0 0.452968 0.648666 0.043832 0.083439
0 0.7075139999999999 0.648946 0.029176 0.136622
0 0.357988 0.6720000000000002 0.043375 0.114939
0 0.434447 0.283483 0.02959 0.123164
0 0.358181 0.542157 0.045667 0.063813
0 0.35378 0.491582 0.044388 0.079674
0 0.378578 0.5892040000000001 0.047916 0.078293
0 0.459322 0.7308889999999999 0.023157 0.157048
0 0.22110738504931335 0.6457882289171291 0.03957105272970679 0.12719584177090945
0 0.42888005703341536 0.5634893955689825 0.04656412047791378 0.08858982765388645
0 0.36380341256867355 0.6314676803166903 0.04407516879605702 0.09347716111132563
