0 0.513564 0.441295 0.04288 0.164534
0 0.850177 0.6710479999999999 0.04375500000000001 0.17863799999999996
0 0.7271889999999999 0.59567 0.059992000000000004 0.106836
0 0.418326 0.34824 0.036666 0.146595
0 0.151298 0.45817300000000005 0.024197000000000003 0.16469799999999998
0 0.460653 0.48391400000000007 0.065947 0.134516
0 0.291567 0.6910510000000001 0.068342 0.089306
0 0.350245 0.464623 0.039543 0.103185
0 0.39327400000000007 0.423938 0.043418 0.10572
0 0.42850299999999997 0.493273 0.049416 0.080629
0 0.33270000000000005 0.535986 0.02926 0.09019
0 0.317703 0.618931 0.041066000000000005 0.097267
0 0.29223752515836127 0.6029543879509459 0.036430694193183226 0.12601148329622802
0 0.45815557805992413 0.6349852398502666 0.04831026838661259 0.1196757103930657
0 0.4147951322539072 0.626185555262541 0.05266611225753657 0.09926044214954274
0 0.40707340902817807 0.5860589935425131 0.05464604128977484 0.11756378609201157
0 0.4145971393506832 0.5339648607831786 0.06652561548320428 0.09222069447936242
0 0.36889153754469606 0.40153622036816317 0.03933253873659119 0.10806515693285654
