0 0.873941 0.473223 0.019983 0.08702199999999999
0 0.39286100000000007 0.7082669999999999 0.025592 0.078173
0 0.574583 0.784517 0.019746 0.098954
0 0.7247860000000002 0.252441 0.018058 0.07039
0 0.6287419999999999 0.42071099999999995 0.024285 0.049883
0 0.566592 0.433861 0.018178 0.06436
0 0.7629900000000001 0.532924 0.029952 0.045003
0 0.11951400000000001 0.260761 0.013975 0.078649
0 0.7813559999999999 0.4708220000000001 0.031463 0.074491
0 0.657624 0.240458 0.016339 0.058945
0 0.10394699999999998 0.187675 0.015935 0.06164300000000001
0 0.76006 0.459703 0.018031 0.059344
0 0.789538 0.374428 0.018598 0.056678
0 0.3383761470167894 0.6483591096456426 0.03475967662910961 0.07122133365813788
0 0.33484126464772745 0.6237458546314332 0.0324030883830682 0.06807921599674933
0 0.6401082823309754 0.2157587460820059 0.021798441275882183 0.05865286301258415
0 0.6295036352237894 0.20999819703612707 0.01472867653775836 0.04922651002841885
0 0.7813733381474752 0.41701147975300046 0.02211779322339453 0.06442880596265901
0 0.8229496406929212 0.39564330857290986 0.030465855772830393 0.07529772483691431
0 0.8060448060872654 0.3731860923934792 0.020434415457386307 0.07265569940404021
