0 0.311253 0.388702 0.015985 0.075536
0 0.34720699999999993 0.485787 0.015532999999999998 0.071545
0 0.212944 0.48485700000000004 0.017145 0.082411
0 0.4491760000000001 0.5438729999999999 0.017226 0.065058
0 0.399793 0.45244699999999993 0.015739 0.079117
0 0.7021440000000001 0.611462 0.019807 0.072367
0 0.20968299999999998 0.359592 0.016575 0.064738
0 0.41371899999999995 0.549738 0.016498 0.077283
0 0.531612 0.168943 0.025692 0.056322000000000004
0 0.089311 0.478883 0.016614 0.07675
0 0.24034199999999997 0.383368 0.016692 0.076021
0 0.46183299999999994 0.48133699999999996 0.015513 0.069168
0 0.279959 0.321223 0.016952 0.070274
0 0.5267640000000001 0.40777499999999994 0.014843 0.06128
0 0.5441180000000001 0.41460299999999994 0.014876 0.065174
0 0.256913 0.370901 0.016156 0.067504
0 0.764278 0.409773 0.018486 0.080212
0 0.6700041062449265 0.42931378227925987 0.014127016959149473 0.06046130715026976
0 0.6747131118979763 0.4162913468930479 0.016219908360505145 0.06790269879953392
0 0.25428630526469265 0.34137384190998515 0.016743131210843955 0.07441391649263977
0 0.1143241927990439 0.5353151117689277 0.022498582564571573 0.08650617792269372
0 0.498769533785902 0.1435039480277573 0.011303433788088384 0.05465838205084527
