0 0.6641720000000001 0.8456639999999999 0.021517999999999995 0.120057
0 0.7151659999999999 0.6853920000000001 0.041614 0.1116
0 0.672965 0.580793 0.044493 0.08915800000000002
0 0.35568399999999994 0.6469179999999999 0.022163 0.111644
0 0.588311 0.178811 0.030776000000000005 0.08299
0 0.7331350000000001 0.41965 0.029499 0.095698
0 0.620323 0.7077400000000001 0.024026000000000002 0.103171
0 0.6010659999999999 0.299982 0.0321 0.092546
0 0.19314000000000003 0.325293 0.015966 0.102156
0 0.394928 0.22184699999999996 0.02453 0.086519
0 0.552186 0.35603899999999994 0.036381 0.065439
0 0.5408370000000001 0.31326 0.023323 0.088923
0 0.6208399999999998 0.454074 0.030602 0.066443
0 0.649367 0.478791 0.027976 0.06663
0 0.612122 0.600154 0.030202 0.09622199999999999
0 0.599076 0.566501 0.04742500000000001 0.074303
0 0.566924 0.49324100000000004 0.036068 0.08158
0 0.581376 0.455379 0.032553 0.062333
0 0.635462 0.41382800000000003 0.033033 0.052287
0 0.7681764004767581 0.8518077075883989 0.04410011918951142 0.10170838299562959
0 0.6341581411462122 0.3810866883715612 0.036664851113757495 0.0739258786683893
0 0.6701522937639863 0.5106557015215337 0.04605463005752483 0.08346470172237488
