0 0.23753900000000003 0.7734189999999999 0.05026 0.125066
0 0.393166 0.22258499999999998 0.040812 0.084743
0 0.336901 0.43412500000000004 0.036207 0.095864
0 0.314269 0.7442300000000001 0.034975 0.124498
0 0.341747 0.659024 0.042455 0.075825
0 0.14606499999999997 0.662796 0.022035 0.121504
0 0.44469099999999995 0.634716 0.023938 0.121547
0 0.565968 0.259522 0.016521 0.103361
0 0.672936 0.693998 0.022898 0.121387
0 0.525726 0.8387639999999998 0.026542 0.117208
0 0.516436 0.481062 0.020762999999999997 0.106242
0 0.815697 0.521064 0.027456 0.11264400000000001
0 0.346882 0.35029 0.037179 0.096274
0 0.370738 0.5850519999999999 0.035934 0.09207899999999998
0 0.591402 0.38354400000000005 0.017644 0.103254
0 0.30079700000000004 0.624967 0.034538 0.086516
0 0.3790451670830203 0.5188166572530827 0.04317809558692993 0.06908495293908792
0 0.22549306465200053 0.5979764991624542 0.04155891700242005 0.1084249955849576
0 0.3007848688317097 0.5523996204873616 0.032383571690197496 0.07484203235067852
0 0.2970067854678533 0.5926991763684962 0.034542476469543996 0.06524689999802746
0 0.2770369162588982 0.659865102837054 0.034542476469543996 0.07484203235067852
0 0.2605752673163812 0.698725388865291 0.03832055983340038 0.07963959852700399
