0 0.6513030000000001 0.6306150000000001 0.05193400000000001 0.108007
0 0.292048 0.5808809999999999 0.027058 0.125471
0 0.4566200000000001 0.353056 0.03028 0.097581
0 0.43981200000000004 0.234988 0.018223 0.108686
0 0.49788599999999994 0.24369800000000003 0.021347 0.106909
0 0.542039 0.296668 0.042606000000000005 0.070007
0 0.6338920000000001 0.257565 0.034244 0.071552
0 0.54911 0.374886 0.03495 0.068957
0 0.45737700000000003 0.180045 0.01903 0.10723
0 0.595937 0.38886000000000004 0.034217 0.068498
0 0.5274135876042909 0.8634617931399814 0.03456495828367096 0.13349225268176412
0 0.634684147794994 0.8772348033373062 0.048867699642431574 0.11442193087008348
0 0.7301292724200223 0.3689022717458286 0.026970474442955777 0.10568022638872537
0 0.7339821973404446 0.31899772039559715 0.028071310134505298 0.0841527728650961
0 0.4367565606221544 0.42125312463283604 0.025869638751406753 0.09295945839749002
0 0.5416111602422178 0.4383772353902684 0.04623509904506733 0.06262531934146687
0 0.5402351156277814 0.4956206913508281 0.050088023965489586 0.08513129347980658
0 0.6194952854193254 0.35764928467665874 0.037978831358448276 0.07143200487386067
0 0.6219721657253112 0.30872325394113775 0.03852924920422282 0.0733890461032816
0 0.6123398534242555 0.2793676354998251 0.03467632428380064 0.05577567503849405
0 0.6219721657253112 0.42076386432548085 0.03192423505492748 0.07632460794741278
0 0.6307788512577049 0.4638187713727394 0.04513426335351817 0.09980910270046295
