0 0.508493 0.7722169999999999 0.028596 0.140485
0 0.7242529999999999 0.5822079999999998 0.035236 0.127776
0 0.7890989999999999 0.60395 0.04201 0.124999
0 0.523573 0.41472099999999995 0.042956 0.12203599999999999
0 0.574228 0.565742 0.029636 0.127684
0 0.8464030000000001 0.75614 0.037756 0.134515
0 0.9301619999999999 0.77502 0.031967 0.136258
0 0.300428 0.38676199999999994 0.027732 0.117063
0 0.4320399999999999 0.403961 0.031734 0.120352
0 0.529119 0.605075 0.028513999999999998 0.127081
0 0.397515 0.322146 0.031679 0.110727
0 0.47874277316252756 0.4790046768920962 0.03235996216855994 0.1058119397892596
0 0.6001039412865988 0.7052417151973467 0.045650660916361406 0.1427947536961851
0 0.6717581432312673 0.8643963490079389 0.024847828093715663 0.1458766548550956
0 0.666576818370373 0.7720162403070735 0.0242699716264201 0.11813954442490143
