0 0.946999 0.643109 0.048270999999999994 0.171336
0 0.436595 0.43489799999999995 0.056749999999999995 0.132066
0 0.117129 0.450923 0.045399 0.152024
0 0.522069 0.377179 0.043311999999999996 0.169759
0 0.523324 0.671279 0.06501 0.166047
0 0.39216199999999996 0.7685810000000001 0.04871400000000001 0.166904
0 0.232419547079857 0.4725201960005297 0.033373063170440996 0.1525625744934446
0 0.2431466030989273 0.452390411865978 0.03098927294398095 0.1419679512647331
0 0.38788801534046113 0.7339483686156119 0.05754192184675283 0.15899133425930131
0 0.39794051975947226 0.4794389847044047 0.038823465342387495 0.16761877100205402
0 0.5535810192124366 0.6378140734820809 0.051995712512126105 0.1269465692147908
0 0.47801391702814655 0.6002230991029438 0.03535708450824586 0.15036389751654852
0 0.4624152032745087 0.576189525319561 0.0332772560077607 0.15652635233280052
0 0.5178772966207766 0.5798869982093121 0.03466380834141731 0.15159638847979878
0 0.528623077206616 0.560783388278931 0.03951674150921591 0.14296895173704613
0 0.5826986182192272 0.5503072150913026 0.06447468351503652 0.09243682224377978
