0 0.49180100000000004 0.589091 0.054942000000000005 0.142797
0 0.439117 0.8168849999999999 0.05956 0.15689
0 0.496066 0.768547 0.059669 0.116791
0 0.208721 0.49026500000000006 0.0501 0.14001
0 0.585082 0.43731299999999995 0.043274 0.134996
0 0.698703 0.728784 0.039153 0.125041
0 0.8488309999999999 0.431249 0.036067 0.129646
0 0.48867499999999997 0.27673699999999996 0.032002 0.13553
0 0.4647049999999999 0.36993699999999996 0.048894 0.11356899999999999
0 0.5805969999999999 0.8104789999999998 0.043932 0.140057
0 0.335227 0.560179 0.056044000000000004 0.149305
0 0.349223 0.33645 0.051328 0.106784
0 0.16283900000000004 0.426584 0.046280999999999996 0.146582
0 0.28996 0.39520299999999997 0.05703300000000001 0.125912
0 0.25284600000000007 0.355693 0.048301 0.135329
0 0.36156590781115555 0.5281715622111777 0.03760715237263135 0.14708575150184694
0 0.35780519257389237 0.4789837946634822 0.04190511264378913 0.1346694218296132
0 0.3435681991756819 0.4584490955901724 0.04566582788105229 0.1318041149821746
0 0.4032023979379973 0.45558378874273386 0.05103827821999964 0.11843268302746118
0 0.45074858343768126 0.5143225791152247 0.06769287427073642 0.10028573966035019
0 0.2984396163285244 0.2908286450150156 0.05211276828778914 0.13084901269969504
0 0.3360467687011557 0.2765021107778227 0.033846437135368286 0.10601635335522733
