0 0.8615299999999999 0.444442 0.052009 0.169678
0 0.6682059999999999 0.596145 0.043104 0.172024
0 0.26670599999999994 0.332203 0.035667 0.164853
0 0.592263 0.512429 0.04026 0.191593
0 0.561643 0.35109900000000005 0.038606 0.183484
0 0.7972249999999999 0.521623 0.040519999999999994 0.172203
0 0.717681 0.359669 0.033684 0.144441
0 0.561967 0.5986249999999999 0.034378 0.18864599999999998
0 0.34957299999999997 0.459364 0.044052 0.188269
0 0.43591899999999995 0.513608 0.043599 0.187911
0 0.458462 0.583043 0.034999 0.179146
0 0.47197999999999996 0.3751576619658399 0.02899599999999997 0.16932032393167964
0 0.4929470000000001 0.510944 0.027856000000000002 0.177171
0 0.41556600000000005 0.47224199999999994 0.03821 0.18077299999999996
0 0.381841 0.503052 0.040974 0.177916
0 0.443775 0.36635100000000004 0.026902 0.10886100000000001
0 0.008735 0.60186 0.017424 0.151631
0 0.367123 0.460014 0.02328 0.152703
0 0.4592844742797404 0.4811110605078626 0.037231772264661345 0.18177502080789887
0 0.3867658730776761 0.41739101245291993 0.0377874703581638 0.16893222042473205
0 0.39260070305945144 0.3739230726945093 0.029451998955627657 0.16498058953760378
