0 0.505628 0.61248 0.030025 0.124617
0 0.729147 0.649793 0.020401 0.08230900000000001
0 0.7386890000000002 0.404118 0.021725000000000005 0.078842
0 0.52318 0.45880499999999996 0.022227 0.069861
0 0.545281 0.809889 0.019234 0.085927
0 0.42843500000000007 0.239934 0.02411 0.058623
0 0.09447500000000002 0.4473579999999999 0.031577 0.06332
0 0.48442399999999997 0.80998 0.017945 0.084822
0 0.24085500000000004 0.490352 0.023126 0.05265
0 0.461158 0.252931 0.025527 0.059211
0 0.13875399999999996 0.388026 0.02395 0.061913
0 0.46429299999999996 0.430575 0.023517999999999997 0.057783
0 0.30541700000000005 0.485203 0.027812999999999997 0.066588
0 0.17866799999999997 0.47286900000000004 0.025332 0.075947
0 0.286617 0.44325 0.023012 0.053273
0 0.272949 0.486008 0.026736 0.078261
0 0.194319 0.45381900000000003 0.018589 0.08092700000000001
0 0.483547 0.486013 0.029026 0.063557
0 0.273415 0.421205 0.018973 0.053477
0 0.505715 0.6319069999999999 0.029383 0.085166
0 0.18120743146854623 0.42892798696641726 0.02585057064306536 0.0756931741705442
0 0.10580993375960565 0.3762130978119312 0.02863837728104297 0.05226433454632819
