0 0.19315199999999996 0.682305 0.040186 0.069904
0 0.16990499999999997 0.821163 0.04031799999999999 0.08149800000000001
0 0.8292069999999999 0.645001 0.028777 0.085945
0 0.589902 0.801786 0.029449999999999997 0.08565899999999999
0 0.20594299999999996 0.592186 0.034766 0.080877
0 0.209874 0.529527 0.034072 0.075438
0 0.180456 0.747642 0.034068 0.07911
0 0.589083 0.555976 0.032995 0.078298
0 0.16267700000000002 0.44069500000000006 0.026422999999999995 0.077819
0 0.594372 0.689341 0.026088 0.078303
0 0.236782 0.379421 0.031728 0.054591
0 0.7987089999999999 0.32498000000000005 0.020921 0.067746
0 0.58392 0.401154 0.027758 0.05949499999999999
0 0.5856429999999999 0.206114 0.019643 0.053884
0 0.586235 0.316079 0.026603 0.057409
0 0.26498 0.186603 0.02695 0.07122
0 0.2494734374940544 0.3148117187424972 0.03385710937419312 0.04989468749881084
0 0.2514781347596316 0.2550172916605889 0.030738691405517427 0.0633583333318233
0 0.26929766600920696 0.14453619791322198 0.025392832030644855 0.05781447916528876
