0 0.931118 0.8348520000000001 0.054857 0.304808
0 0.3889 0.4838930000000001 0.0727 0.259621
0 0.49459800000000004 0.375186 0.055214 0.286985
0 0.966478 0.754006 0.065674 0.267373
0 0.46574800000000005 0.527906 0.05655 0.273339
0 0.096928 0.560481 0.076575 0.258469
0 0.865246 0.604415 0.102956 0.22828799999999996
0 0.1603098927294398 0.4651039597404316 0.05363528009535159 0.26062773142630113
0 0.5375446960667462 0.705601907032181 0.05721096543504167 0.2924116011124353
0 0.20858164481525626 0.9036551450139053 0.06912991656734206 0.1926897099721893
0 0.7461263408820022 0.878228049264998 0.04767580452920143 0.24354390147000402
0 0.7532777115613826 0.8274400741623625 0.08820023837902269 0.28181697788372406
0 0.9475566150178785 0.572109654350417 0.06436233611442191 0.2839359025294662
0 0.45709177592371875 0.5763475036419017 0.14898688915375452 0.11018408157859881
0 0.4505363528009535 0.44603363792875117 0.07866507747318231 0.1758707455966097
