0 0.506294 0.47800899999999996 0.038393 0.108307
0 0.409384 0.7332170000000001 0.026312 0.133476
0 0.542604 0.686369 0.029803000000000003 0.134806
0 0.517496 0.59881 0.027137 0.128339
0 0.579636 0.40109700000000004 0.027909000000000003 0.130169
0 0.604383 0.76723 0.025767 0.141749
0 0.582306 0.7108969999999999 0.032231 0.132317
0 0.5274719999999999 0.311063 0.04514399999999999 0.102538
0 0.40811 0.323696 0.021662 0.110874
0 0.47173000000000004 0.4506609999999999 0.027453 0.12298999999999999
0 0.510734 0.17578 0.039607 0.104832
0 0.5518 0.595025 0.032457 0.116967
0 0.698606 0.739884 0.046882 0.124595
0 0.233627 0.465675 0.035982 0.125566
0 0.790514 0.637301 0.026908 0.12919
0 0.618465 0.616282 0.040924 0.091656
0 0.34387900000000005 0.20963 0.022279 0.113867
0 0.658107 0.635116 0.035649 0.078614
0 0.679206 0.6678840000000001 0.025956 0.112234
0 0.769946 0.567097 0.023082 0.137065
0 0.6303133757804656 0.5563151169322539 0.04231468617118871 0.10112362159672067
0 0.6105433994545824 0.5082197359289355 0.04300836955104415 0.1060564811868045
