0 0.3310100000000001 0.308591 0.038539 0.095541
0 0.4838779999999999 0.40596199999999993 0.0319 0.102488
0 0.527633 0.508477 0.04055 0.10857100000000001
0 0.46826500000000004 0.192224 0.022496000000000002 0.099688
0 0.325862 0.47651199999999994 0.033522 0.10904
0 0.752393 0.37654799999999994 0.040232000000000004 0.095534
0 0.6698849999999998 0.494075 0.03142 0.08211700000000001
0 0.651494 0.437247 0.034043 0.127526
0 0.667335 0.29245600000000005 0.031835 0.06453
0 0.7689010000000001 0.44392 0.032365 0.08788299999999999
0 0.4821215733015494 0.8581644815256257 0.03933253873659126 0.10170838299562987
0 0.5667461263408821 0.8719374917229504 0.056019070321811665 0.10382730764137194
0 0.5758840877973599 0.4686298994790812 0.05298185806610647 0.10764567988034336
0 0.5743181215491004 0.39740743455825056 0.046717993073069335 0.08583814990458422
0 0.6175126905635864 0.394391499561603 0.03758318995822343 0.09094203989891071
0 0.5889338065328541 0.34845648961266334 0.035234240585834374 0.07609435991541517
0 0.5794075118559433 0.3104093096549558 0.04071512245474196 0.07052647992160431
0 0.5928487221535024 0.283729884684612 0.03314628558815535 0.0682065299241831
0 0.6537909086482604 0.39253553956366605 0.028709381218087415 0.10022183988859566
0 0.6389142292897971 0.35495234960544264 0.03288529121344545 0.08259021990819453
0 0.6564008523953594 0.32780893463561467 0.04228108870300133 0.07191844992005705
0 0.6462220717816737 0.31110529465418213 0.033929268712285035 0.07006248992212008
