0 0.498855 0.662455 0.03659 0.094479
0 0.246026 0.47607900000000003 0.023607 0.081657
0 0.5288919999999999 0.672932 0.028488 0.081859
0 0.3797090000000001 0.738768 0.026388 0.098932
0 0.160918 0.513173 0.032099 0.098196
0 0.334896 0.43672599999999995 0.026406 0.086477
0 0.301778 0.434631 0.024961999999999998 0.09131300000000002
0 0.27566 0.6960060000000001 0.039648 0.062298
0 0.22271600000000003 0.309786 0.027202999999999998 0.08842900000000001
0 0.151306 0.265193 0.02387 0.08677200000000002
0 0.11775599999999999 0.273715 0.020232999999999998 0.095874
0 0.34070300000000003 0.567525 0.036889 0.08652100000000001
0 0.05866400000000001 0.44536999999999993 0.030220000000000004 0.077922
0 0.413451 0.504496 0.024637 0.073652
0 0.556522 0.26295900000000005 0.020044 0.078862
0 0.453643 0.120287 0.01863 0.076147
0 0.6448959999999999 0.538791 0.025722000000000002 0.065614
0 0.17940899999999999 0.47007600000000005 0.023129 0.093995
0 0.428625 0.11278 0.015865 0.08393
0 0.636609 0.775733 0.039305 0.112468
0 0.6254469999999999 0.301087 0.022099999999999998 0.085078
0 0.640827 0.768732 0.031925 0.09671900000000001
