0 0.22872700000000004 0.609445 0.036469 0.099465
0 0.9132290000000001 0.559208 0.043818 0.126286
0 0.10088699999999999 0.516993 0.04637700000000001 0.146881
0 0.48742231355903715 0.6399995183110199 0.0432989364836709 0.10336761979593803
0 0.5267006345120814 0.6180064077161395 0.04515460519011377 0.09237106449849762
0 0.5285563032185244 0.5811679474697147 0.05257728001588603 0.0824741647308015
0 0.5260820782766004 0.5679720811127865 0.06371129225454425 0.10006865320670592
0 0.5189686815685687 0.545429142753034 0.059381398606177103 0.07917519814156947
0 0.4997934382686573 0.5206868933337937 0.06061851107713906 0.08027485367131355
0 0.49020581661870166 0.4953948161496811 0.047628830132037836 0.08027485367131341
0 0.4713398514365308 0.47285187778992877 0.04453604895463286 0.10116830873644986
0 0.4268038024818979 0.45965601143300056 0.04453604895463286 0.10776624191491407
0 0.6497933253728025 0.6707898731438524 0.07360819202224057 0.08137450920105756
0 0.6368036444277014 0.6421988293705079 0.06989685460935427 0.06817864284412928
0 0.6253603540713027 0.6125081300674192 0.05690717366425311 0.05938139860617717
0 0.61762840112779 0.5861163973535628 0.05505150495780988 0.061580709665665055
0 0.6225768510116382 0.5619239756991944 0.06494840472550614 0.07477657602259334
0 0.6003088265343216 0.5344325874555939 0.057525729899733875 0.08357382026054573
0 0.5832985300585939 0.4843982608522409 0.05814428613521507 0.08687278684977756
0 0.5573191681683914 0.4404120396624802 0.059381398606177103 0.06927829837387328
0 0.5498964933426193 0.40742237377015955 0.05690717366425304 0.06487967625489724
0 0.5446387653410306 0.3661852914047588 0.051340167544923855 0.07917519814156947
