0 0.744298 0.8144380000000001 0.041571 0.10818
0 0.522648 0.487922 0.028325 0.109807
0 0.491556 0.214771 0.019646 0.101307
0 0.615959 0.49992600000000004 0.049589 0.070278
0 0.216259 0.355324 0.019148 0.10595800000000001
0 0.679976 0.224746 0.035929 0.085798
0 0.316418 0.628379 0.030278 0.118281
0 0.6765509999999999 0.8135989999999999 0.028604000000000004 0.11520199999999998
0 0.690711 0.313337 0.029502 0.075578
0 0.648913 0.248197 0.037936 0.089242
0 0.803213 0.432162 0.023816 0.101289
0 0.699423 0.45205199999999995 0.039045 0.09693999999999998
0 0.652783 0.40637000000000006 0.04332 0.070383
0 0.591611 0.311617 0.042167 0.06798
0 0.78952 0.37203200000000003 0.020759 0.103147
0 0.680018 0.36721800000000004 0.029396999999999996 0.064136
0 0.678029 0.351141 0.033575 0.097406
0 0.680179 0.42667199999999994 0.023177 0.067224
0 0.579159 0.263482 0.025398 0.10346
0 0.585567898147403 0.43739657364380585 0.04141032649882177 0.10410095967064933
0 0.5535395987459704 0.38160766155511533 0.027175526764851767 0.11330325444816537
0 0.5609805167887275 0.29562371972770046 0.021352199600955045 0.09662409516391769
