0 0.463362 0.501161 0.033244 0.100407
0 0.507604 0.628663 0.022834 0.114004
0 0.580108 0.568945 0.043545 0.087532
0 0.46356400000000003 0.39811699999999994 0.029753 0.097748
0 0.667985 0.2585299999999999 0.03762 0.10124499999999999
0 0.6487060000000001 0.333396 0.031038 0.096654
0 0.5292609999999999 0.285586 0.030135000000000002 0.094588
0 0.40110299999999993 0.197852 0.021506000000000004 0.091661
0 0.172373 0.380886 0.02273 0.10286299999999998
0 0.564127 0.406431 0.033817 0.071199
0 0.549032 0.35226299999999994 0.03886 0.074234
0 0.657838 0.529246 0.028928 0.085142
0 0.613629 0.449168 0.036055 0.085361
0 0.558231 0.4687220000000001 0.046302 0.080841
0 0.6000749999999999 0.285563 0.034925 0.089389
0 0.6441409999999999 0.48466300000000007 0.032676 0.074706
0 0.6290473077654766 0.85722499340583 0.03060665517937011 0.11455122406313975
0 0.6948247684579829 0.849588245134954 0.053695886279597003 0.11264203699542094
0 0.6426790239554354 0.43493242239462193 0.02590632993238188 0.10603521088602819
0 0.6270147314381813 0.41565329314261673 0.03313600340188387 0.07176120332690793
0 0.6267134950436186 0.376023971902384 0.0325335306127586 0.08889820710646802
0 0.817998605590857 0.42636392050484184 0.031931057823633466 0.09532458352380317
