0 0.5978470000000001 0.549513 0.039809 0.115777
0 0.673752 0.585091 0.047749 0.103608
0 0.42916699999999997 0.535045 0.023899 0.124029
0 0.7765439999999999 0.46188900000000005 0.02718 0.11125599999999998
0 0.3737869999999999 0.264587 0.02074 0.110191
0 0.513315 0.292543 0.029941 0.107196
0 0.292722 0.447224 0.021265 0.11760799999999999
0 0.637184 0.241751 0.030131 0.102149
0 0.591417 0.36042 0.035267 0.069295
0 0.574477 0.434576 0.039486 0.095833
0 0.47924000000000005 0.37046300000000004 0.022720000000000004 0.123608
0 0.359433 0.80301 0.033928 0.135859
0 0.629226 0.32744599999999996 0.034622 0.079582
0 0.684542 0.362544 0.039213 0.068983
0 0.799331 0.399788 0.016872 0.120732
0 0.519584 0.215142 0.027647999999999995 0.103787
0 0.706091 0.333267 0.037464 0.07197
0 0.6602859999999999 0.45209000000000005 0.034229 0.101524
0 0.706558 0.309193 0.039494 0.06099
0 0.6626040000000001 0.583787 0.024927 0.09948399999999999
0 0.499404052443385 0.8634617931399814 0.04767580452920143 0.1250165540987949
0 0.6517095348377453 0.3775660178075925 0.035044957169765356 0.06905780047375451
0 0.6622652448286382 0.41847525830563187 0.03166712997267965 0.084820994060155
