0 0.36662 0.21518699999999996 0.033671 0.108563
0 0.182396 0.622393 0.037115 0.114339
0 0.8031960000000001 0.6134090000000001 0.028417000000000005 0.118674
0 0.331613 0.345793 0.038519 0.108354
0 0.7306699999999999 0.733274 0.026008 0.12793
0 0.616037 0.552037 0.025138000000000004 0.127457
0 0.48145299999999996 0.586937 0.044951 0.065618
0 0.490987 0.465716 0.025879 0.127196
0 0.743701 0.448179 0.024381 0.12989
0 0.560974 0.37225500000000006 0.023012 0.104004
0 0.263937 0.237132 0.030009 0.106366
0 0.437727 0.7453630000000001 0.037928 0.111562
0 0.386298 0.5186740000000001 0.040788000000000005 0.089676
0 0.475504 0.519745 0.034741 0.082291
0 0.52905423213265 0.6895179938787116 0.02673059078429233 0.12630594943689033
0 0.507572363025866 0.6386262295036026 0.050533240882232634 0.07402052185566482
0 0.450528753217652 0.7123684411066542 0.03914546828905351 0.08604094848179841
0 0.43611610352940955 0.6706132749316638 0.03878960039551672 0.09489810494316003
0 0.4256180006700725 0.6313887248884911 0.03914546828905344 0.08983687267952468
0 0.43113395301989366 0.5927968288782727 0.03950133618259031 0.08477564041588956
0 0.4024865875901773 0.5614804542470297 0.037010260927832446 0.07655113798748225
0 0.3991058426015771 0.5769804780544124 0.021707941505747782 0.12906142272269755
