0 0.750038 0.23829 0.044465 0.10314399999999999
0 0.70946 0.373484 0.042994 0.10578099999999999
0 0.39169800000000005 0.7597810000000002 0.031919 0.126646
0 0.710007 0.49259099999999995 0.04952999999999999 0.084605
0 0.582451 0.7193699999999998 0.053335 0.113199
0 0.624 0.42308400000000007 0.042614 0.09239499999999999
0 0.492188 0.641024 0.039428 0.116839
0 0.513872 0.4949 0.0318 0.11723900000000001
0 0.6072039999999999 0.548203 0.048248 0.084338
0 0.6006820000000002 0.622434 0.048261000000000005 0.08251
0 0.15137199999999998 0.494683 0.029197 0.117817
0 0.4003729999999999 0.305943 0.023001 0.10312899999999998
0 0.8163469999999999 0.6520579999999999 0.044013 0.106578
0 0.68585 0.198726 0.022712 0.093947
0 0.7982390000000001 0.573503 0.040157 0.114225
0 0.564021 0.396498 0.029019 0.096479
0 0.6678840000000001 0.7093659999999999 0.051037 0.09319
0 0.6883371796134812 0.7485251165748531 0.03740962932681953 0.12037587392274403
0 0.689833564786554 0.547011913267718 0.0441433626056471 0.08313250961515457
0 0.6649561612842189 0.5772721467676345 0.04077649596623346 0.07980720923054846
0 0.6748697130558264 0.6205010517675149 0.04115059225950162 0.08113732938439107
0 0.6735603760293876 0.6567468259597223 0.04227288113930612 0.09643371115357965
