0 0.46350699999999995 0.411579 0.025116 0.088236
0 0.471734 0.294878 0.019649 0.093532
0 0.693051 0.35969999999999996 0.022647 0.100337
0 0.48892 0.5268200000000001 0.023083 0.10245100000000001
0 0.3791399999999999 0.606362 0.03705 0.11864
0 0.7156189999999999 0.590917 0.019802 0.105223
0 0.24867800000000004 0.307602 0.036848 0.079074
0 0.468357 0.818399 0.025559 0.109396
0 0.307954 0.16005299999999997 0.016675 0.087511
0 0.281896 0.406345 0.042462 0.085631
0 0.3383050000000001 0.41208 0.024655 0.086756
0 0.27842100000000003 0.465136 0.039881 0.073244
0 0.37013499999999994 0.546324 0.043436 0.059938000000000005
0 0.289347 0.591429 0.034092 0.088226
0 0.22716900000000004 0.170421 0.034133 0.076991
0 0.14969700000000002 0.555568 0.025977 0.090307
0 0.318277 0.540901 0.035726 0.069593
0 0.183666 0.5286349999999999 0.018073 0.102365
0 0.3497641962319314 0.49500188863768213 0.04178070603453101 0.06897132424747973
0 0.290774823970408 0.5082094641171429 0.03084400254266626 0.06031716052788056
0 0.29512102432869275 0.5533227122805576 0.028881202380860175 0.0658005387576879
0 0.3253873659117998 0.853926632234141 0.050059594755661546 0.09323268441266067
