0 0.458504 0.6335710000000001 0.029309 0.108464
0 0.646732 0.8111030000000001 0.03275 0.121014
0 0.404482 0.664996 0.045819 0.095916
0 0.24915099999999998 0.317859 0.038957 0.088988
0 0.348674 0.8176729999999999 0.025783 0.12642
0 0.39452 0.357664 0.029239 0.093642
0 0.446207 0.499653 0.032321 0.097173
0 0.34548 0.45374799999999993 0.049949 0.071295
0 0.33138899999999993 0.656601 0.035178 0.088761
0 0.18327400000000002 0.15202299999999996 0.040830000000000005 0.08827599999999998
0 0.735755 0.459677 0.021782 0.105891
0 0.4560310000000001 0.253152 0.021778 0.098093
0 0.3762579999999999 0.574278 0.038634 0.074542
0 0.24712 0.150259 0.029698 0.087331
0 0.356349 0.530059 0.034717 0.06861
0 0.183342 0.5044619999999999 0.032236 0.083779
0 0.19822500000000004 0.545077 0.034562 0.109061
0 0.283567 0.47290400000000005 0.038739 0.067834
0 0.308975 0.611677 0.03724 0.08544800000000001
0 0.3863100000000001 0.578697 0.016419 0.072873
0 0.29577320211997393 0.5155775905625404 0.034739611981640835 0.07156237529904132
0 0.31590012017282937 0.5454769391463863 0.035291034394047786 0.07842452087566165
0 0.30542309433709636 0.5743959812192867 0.03639387921886175 0.0833260534303907
