0 0.397435 0.534442 0.0616 0.145992
0 0.786203 0.4085909999999999 0.047259 0.148372
0 0.654225 0.387808 0.045929000000000005 0.17099399999999998
0 0.447621 0.512636 0.062131 0.131143
0 0.49337300000000006 0.590728 0.040207 0.13164
0 0.515431 0.474732 0.042509 0.09754999999999998
0 0.502998 0.532895 0.04774 0.11125199999999999
0 0.889648 0.24606899999999998 0.038137 0.167095
0 0.985334 0.37823999999999997 0.028727999999999997 0.175051
0 0.677106 0.19112 0.035613 0.150867
0 0.9212140000000001 0.23949 0.038805 0.129253
0 0.8471978858407874 0.5297139957519363 0.06338458068826597 0.16600723513593452
0 0.9320879492625721 0.36169455170526327 0.05998897815139444 0.127775265831901
0 0.7119397181220773 0.3481121415577777 0.06112084566368495 0.16902554850204235
0 0.7093930162194237 0.2832184041864579 0.05376370683379705 0.16198281731445724
0 0.5696123255601752 0.34861519378546235 0.04923623678463507 0.1458851460285484
0 0.5582936504372706 0.5478238759485837 0.08432412966563944 0.08753108761712916
0 0.5580106835591979 0.5684490172836543 0.0418790979547471 0.15494008612687218
