0 0.492486 0.757046 0.026895 0.131493
0 0.566036 0.758787 0.050245 0.12159
0 0.397382 0.531019 0.029760999999999996 0.121477
0 0.732124 0.704895 0.038716 0.113307
0 0.6860289999999999 0.253324 0.036891 0.092364
0 0.508597 0.6663209999999999 0.046744 0.08518200000000001
0 0.4056890000000001 0.701352 0.02479 0.115224
0 0.45213699999999996 0.6090420000000001 0.028947000000000004 0.112172
0 0.45911 0.754373 0.021237 0.123793
0 0.696426 0.549764 0.026758 0.108668
0 0.209016 0.389752 0.026088 0.11020000000000002
0 0.627909 0.245811 0.023182 0.089338
0 0.550295 0.553284 0.038413 0.07239
0 0.5298687818630733 0.6155614767511395 0.05182694186830233 0.07107694884795762
0 0.6266124066839046 0.5545756996532005 0.03899360388186558 0.091259292347995
0 0.6115579140459692 0.5971341196424098 0.04146155349464195 0.07634190802188044
0 0.5979841911756993 0.7423592435231134 0.03405770465631306 0.10880915626107096
0 0.5804617489249876 0.6888321585882317 0.03751283411419998 0.07546441482622669
0 0.5863848279956507 0.6664560820990598 0.04146155349464195 0.07809689441318796
0 0.5824361086152087 0.6269688882946389 0.03751283411419998 0.07107694884795762
0 0.5686155907836613 0.4813050178161084 0.04343591318486297 0.09564675832626407
0 0.7203944919694042 0.6256526485011582 0.021224366669876246 0.12460403378283935
