0 0.450441 0.616559 0.046631 0.235095
0 0.1528 0.534903 0.047429 0.22616399999999998
0 0.4806849999999999 0.45577200000000007 0.060011 0.208696
0 0.273477 0.30165 0.036871 0.236213
0 0.578714 0.532472 0.054802 0.227379
0 0.05851900000000001 0.191438 0.044297 0.21874
0 0.16578700000000002 0.45756 0.031672 0.199619
0 0.5182909969231028 0.5706069813086247 0.0465345804348194 0.21954776410273752
0 0.33849814174005144 0.6466272300458678 0.033639566880998825 0.22177195943769662
0 0.39246161361165394 0.5781021863993885 0.04345110722129022 0.24170651758939946
0 0.392461613611654 0.5288887459623717 0.03784451274112371 0.23298514839802933
0 0.3472584456153116 0.5544298985942412 0.04134863429122781 0.23672287805147377
0 0.3244816555396353 0.4771834857563919 0.033639566880998936 0.21180468036184494
0 0.3321907229498642 0.4024288926875055 0.03644286412108208 0.22924741874458512
0 0.35812122242063427 0.4186257211857642 0.04064780998120703 0.24170651758939965
0 0.38790625559651865 0.4815441703520769 0.03434039119101968 0.22301786932217793
0 0.394213674386706 0.459117792431411 0.034340391191019747 0.24544424724284383
0 0.3959657351617579 0.36878932580650653 0.03644286412108215 0.25416561643421404
