0 0.5689750000000001 0.7076339999999999 0.029505 0.084116
0 0.6417800000000001 0.459154 0.030303 0.09052500000000001
0 0.232123 0.617318 0.02302 0.08348899999999998
0 0.34985 0.57026 0.032611 0.10771899999999998
0 0.17385800000000004 0.537517 0.025915 0.081897
0 0.277919 0.4672120000000001 0.032808 0.090837
0 0.40109800000000007 0.263682 0.024385 0.07703
0 0.280678 0.574717 0.038629 0.094228
0 0.389369 0.46663699999999997 0.02459 0.092033
0 0.43682999999999994 0.227076 0.029617 0.069759
0 0.4656100384229294 0.5291219757826559 0.023355358840507136 0.08517053936139334
0 0.39195082977209944 0.6632655752768503 0.040123308777281326 0.10007538374963701
0 0.45033922687336714 0.7878274890928878 0.04072216413216616 0.11072170116981127
0 0.41350962254795204 0.7851659097378445 0.040123308777281326 0.11391559639586361
0 0.43417013229147755 0.7149002147646949 0.03353589987354859 0.07133032671516702
0 0.3263761684122142 0.39178448106240915 0.020361082066083114 0.06600716800507982
0 0.3217524153638682 0.570283679282822 0.03580765665065624 0.11363260511360906
0 0.30905019548486956 0.5476377644349586 0.029114636715954136 0.10173390300747187
0 0.30971949747833977 0.5184859442749228 0.023090918774722233 0.09340481153317598
0 0.31557588992120406 0.4917138645361144 0.030787891699629633 0.10411364342869944
0 0.3189223998885552 0.4821949028512047 0.02944928771268927 0.113632605113609
0 0.3387506255415991 0.5413419758524771 0.026478683601479886 0.09351878771248594
