0 0.7098139999999998 0.382732 0.08160600000000001 0.18879300000000002
0 0.40225700000000003 0.5894210000000001 0.049617 0.20955500000000002
0 0.458513 0.46060500000000004 0.064976 0.206611
0 0.584163 0.079259 0.052189 0.156797
0 0.950423 0.064807 0.049509 0.128023
0 0.871381 0.272516 0.116704 0.200203
0 0.2800953516090584 0.46192557277181817 0.04052443384982119 0.21613031386571316
0 0.5213012662571689 0.5162188467455822 0.06971648145884721 0.1252051095587462
0 0.5746557163532254 0.5668067697996209 0.08394433481779578 0.11508752494793832
0 0.6155607947602022 0.56554207172327 0.12733928756258847 0.0872641672682171
