0 0.767265 0.8415220000000001 0.039695 0.10305999999999998
0 0.7293180000000001 0.605471 0.038419 0.103072
0 0.621028 0.173783 0.030723000000000004 0.08236400000000002
0 0.526552 0.459684 0.022384 0.103477
0 0.282569 0.330015 0.027521 0.092368
0 0.626325 0.534268 0.025772 0.111837
0 0.246239 0.5613049999999999 0.024649 0.101657
0 0.632669 0.627553 0.020256 0.105573
0 0.6133479999999999 0.46377 0.037481 0.071039
0 0.573438 0.17404499999999998 0.024783 0.079197
0 0.604574 0.296773 0.019426 0.086056
0 0.598396 0.367684 0.030962 0.083323
0 0.609166 0.4130480000000001 0.03176 0.056264
0 0.752923 0.365441 0.020604 0.09533200000000001
0 0.6191482434127032 0.8498091642222328 0.029784913550497692 0.10318648113220874
0 0.681308484839596 0.507784517970009 0.032520371777497135 0.06780653649080286
0 0.6881337480521572 0.4621043249656786 0.03653523249076827 0.07779907871050007
0 0.6746839646626986 0.4399779814792062 0.029709969278206783 0.0706615485535734
0 0.6572193205599689 0.4132122433907314 0.030914427492188423 0.06709278347511016
0 0.6664535002004925 0.3939409119670295 0.033323343920151134 0.06281026538095417
0 0.6720743051990723 0.3568257551510111 0.03814117677607655 0.0742303136320368
0 0.7690331914245724 0.39179965291995145 0.024089164279627227 0.09992542219697263
