0 0.495244 0.6553550000000001 0.021158999999999997 0.083546
0 0.426163 0.6436410000000001 0.029978 0.070393
0 0.390915 0.5823429999999999 0.033253 0.065376
0 0.551964 0.45394199999999996 0.026947000000000002 0.067424
0 0.911888 0.365452 0.020481 0.067588
0 0.40394399999999997 0.6258839999999999 0.020912 0.070791
0 0.212056 0.462755 0.024598999999999996 0.083038
0 0.030585 0.3434 0.022112 0.079503
0 0.29533 0.483306 0.025084 0.062493
0 0.33102600000000004 0.255408 0.01528 0.065944
0 0.22910500000000003 0.406451 0.017806 0.086008
0 0.152125 0.280295 0.022514 0.075524
0 0.287211 0.42260800000000004 0.018473 0.065476
0 0.4531510000000001 0.288232 0.018987 0.065048
0 0.7536789999999999 0.10071399999999998 0.015239 0.06225499999999999
0 0.928609 0.3237090000000001 0.023185 0.06382
0 0.09899000000000001 0.435261 0.022371 0.045865
0 0.08566000000000001 0.370913 0.017839 0.084025
0 0.069695 0.3854989999999999 0.015906 0.061801
0 0.8730631704410012 0.05827042775791286 0.015494636471990333 0.06568666401801086
0 0.9886769964243146 0.27228181697788373 0.020262216924910634 0.06568666401801085
0 0.06972586412395708 0.41848761753410135 0.048867699642431456 0.04025956826910346
