0 0.311645 0.537627 0.040288 0.080329
0 0.509198 0.837268 0.020964 0.10181100000000001
0 0.6414709999999999 0.588911 0.025301 0.08793800000000002
0 0.281894 0.644879 0.036692 0.080615
0 0.422674 0.556004 0.021479000000000005 0.084451
0 0.318924 0.158826 0.029059999999999996 0.069971
0 0.587698 0.264076 0.020111 0.077845
0 0.451421 0.32909700000000003 0.023441 0.075974
0 0.221432 0.387956 0.028968000000000004 0.082045
0 0.674863 0.418291 0.021895 0.084766
0 0.375494 0.157104 0.020358 0.071567
0 0.294305 0.44425 0.029977 0.067702
0 0.365371 0.49178499999999997 0.040341 0.053564
0 0.298399 0.34501400000000004 0.027690000000000003 0.0559
0 0.363611 0.43074499999999993 0.031921 0.057005999999999994
0 0.292365 0.256896 0.039598 0.064117
0 0.360001 0.343446 0.036864 0.08804600000000001
0 0.355163 0.3633990000000001 0.039152 0.05863
0 0.324569 0.39932 0.021111 0.059561
0 0.24553039332538737 0.8666401801085948 0.045292014302741386 0.08051913653820676
0 0.30613609631192185 0.37802112385080205 0.026605624337961657 0.05187619942598985
0 0.3067082602761791 0.41921692927732335 0.024889132445189973 0.05797928171140036
