0 0.622685 0.846785 0.051248 0.140192
0 0.21464799999999998 0.370533 0.039884 0.137718
0 0.531999 0.644495 0.041547 0.135248
0 0.46038 0.41845 0.04363399999999999 0.125304
0 0.601454 0.621373 0.025972 0.138824
0 0.173716 0.331171 0.039034 0.11410000000000001
0 0.595159 0.362937 0.023916 0.126934
0 0.74027 0.719461 0.02824 0.143685
0 0.3621280346463546 0.51201 0.031 0.132499
0 0.509544 0.31451500000000004 0.032979 0.101265
0 0.33948899999999993 0.24483700000000003 0.03283 0.110018
0 0.409563 0.21338099999999996 0.028055 0.127326
0 0.505271 0.487261 0.025242 0.132027
0 0.414863 0.38219099999999995 0.051484 0.078795
0 0.312052 0.190353 0.021252 0.115709
0 0.274559 0.259688 0.04167400000000001 0.071001
0 0.285085 0.29688300000000006 0.046035000000000006 0.08851800000000001
0 0.311893 0.336692 0.043959 0.090748
0 0.35995714002177437 0.4233839312489557 0.04454015116431045 0.11958172103978143
0 0.3542759982916327 0.3963164470946809 0.0431766771490765 0.09130225998307637
0 0.3517762959303704 0.36399706302987506 0.03908625510337458 0.08968629077983603
0 0.38109098725790136 0.3223858560464376 0.04135871179543109 0.0807984601620145
