0 0.079336 0.7506540000000002 0.027869 0.078191
0 0.114709 0.752089 0.020874 0.08485800000000002
0 0.150618 0.597562 0.025387 0.067719
0 0.021452 0.724292 0.02222 0.084069
0 0.314671 0.508249 0.01613 0.071736
0 0.9009819999999997 0.728733 0.026555 0.076176
0 0.190868 0.675111 0.021219 0.069488
0 0.23589399999999996 0.587378 0.014582 0.059669
0 0.420345 0.6031340000000001 0.014956 0.062671
0 0.669012 0.7474589999999999 0.02254 0.077669
0 0.267906 0.693578 0.017486 0.080362
0 0.415771 0.545209 0.017933 0.069709
0 0.020099999999999996 0.6561189999999999 0.019354 0.071911
0 0.804982 0.520431 0.018051 0.06068799999999999
0 0.11415707561789283 0.6971340422408704 0.02100090494475401 0.07350316730663892
0 0.853444116742605 0.5484102022440578 0.020248791915292372 0.060257274491884234
0 0.8404584784491022 0.5092821019246524 0.023330129815445418 0.06025727449188416
