0 0.490805 0.359038 0.025347999999999996 0.085159
0 0.45567099999999994 0.179579 0.024613 0.075773
0 0.380682 0.16757100000000003 0.030465 0.074401
0 0.75586 0.43060500000000007 0.018326 0.097805
0 0.3730609999999999 0.291432 0.035546 0.075486
0 0.266852 0.8456880000000001 0.042066 0.08966899999999998
0 0.49278500000000003 0.520868 0.028623 0.088586
0 0.23583600000000002 0.48877200000000004 0.026426 0.08733
0 0.502701 0.457887 0.028266 0.075452
0 0.209661 0.555743 0.025622 0.086917
0 0.40437899999999993 0.538817 0.04517 0.068745
0 0.371122 0.39046299999999995 0.042252 0.077114
0 0.355144 0.521911 0.034045 0.066898
0 0.335221 0.487882 0.027152 0.052975
0 0.338717 0.445507 0.028377 0.053583
0 0.31026699999999996 0.572407 0.034414 0.078825
0 0.32643015659337643 0.8529325321892856 0.03800899083621502 0.09936991068291533
0 0.380579972655158 0.6464625477929903 0.01897816426419311 0.1000119132652715
0 0.3826133473977502 0.6076024971567853 0.04337866117529863 0.062055584736885334
0 0.4083694274705836 0.48198512416998346 0.041345286432706345 0.06145310333167288
0 0.4104028022131757 0.43770274088686617 0.044056452756162656 0.05482580787433569
0 0.33127063514729926 0.5461493938251124 0.030839516929313825 0.06567047316816016
