0 0.7109720000000002 0.463418 0.022453000000000004 0.109093
0 0.432162 0.8189869999999999 0.026491 0.119809
0 0.38108400000000003 0.547315 0.04010899999999999 0.09019
0 0.314604 0.60292 0.046956 0.092746
0 0.265959 0.849778 0.040699 0.100041
0 0.419951 0.3855990000000001 0.025272000000000003 0.09787600000000002
0 0.675056 0.516104 0.019249 0.102732
0 0.429721 0.5149360000000001 0.021926 0.104796
0 0.315315 0.18972800000000004 0.041482 0.074599
0 0.293965 0.512341 0.04152900000000001 0.079748
0 0.30478200000000005 0.302667 0.039179 0.076489
0 0.3837090000000001 0.491384 0.032057 0.050228
0 0.303282 0.39289 0.032012 0.063932
0 0.517311 0.311378 0.019606 0.09244900000000002
0 0.38014600000000004 0.36778599999999995 0.037112 0.054714
0 0.334425 0.461012 0.037479 0.06485
0 0.3931529999999999 0.18343299999999998 0.018736 0.092708
0 0.37371299999999996 0.423306 0.043064 0.071495
0 0.528675 0.033701 0.022349 0.067403
0 0.19976465158520512 0.44054881302101606 0.02375870353531372 0.10271439508196231
0 0.20489437166669333 0.409350515449392 0.03185826155871609 0.08639528558295893
0 0.31158335477191584 0.43121678466568 0.03184191202099839 0.059069054183881135
0 0.3062186848118564 0.4773644832468371 0.03011137332420507 0.0652220806613687
