0 0.4817890000000001 0.847144 0.02465 0.123311
0 0.34178299999999995 0.30690499999999993 0.020255000000000002 0.101508
0 0.480334 0.465584 0.026368999999999997 0.10316
0 0.563198 0.5249090000000001 0.043681 0.097459
0 0.29697 0.539579 0.022675 0.110074
0 0.509492 0.372494 0.026087 0.10259
0 0.693438 0.31966 0.038568 0.091258
0 0.8318800000000001 0.463636 0.030337 0.098142
0 0.729071 0.3745780000000001 0.029187000000000005 0.086146
0 0.5934740000000001 0.28888 0.023143000000000004 0.095314
0 0.77417 0.44305000000000005 0.014818 0.113524
0 0.761871 0.305007 0.037682 0.091862
0 0.503952 0.20894499999999996 0.025668000000000003 0.101825
0 0.6749270000000002 0.416772 0.037941 0.063929
0 0.6835090000000001 0.38346 0.033032 0.070106
0 0.609269 0.385269 0.037358 0.061729000000000006
0 0.626147 0.328593 0.030071 0.072854
0 0.6407629999999999 0.442973 0.029991 0.076323
0 0.565554231227652 0.8729969540458217 0.05363528009535159 0.10170838299562959
0 0.5919901036220041 0.45192447126176516 0.033430029381007316 0.07181265570734902
0 0.6600109272930814 0.4704967098067692 0.03389433534463237 0.07593981982846096
0 0.6539749497659553 0.5022758735393318 0.03296572341738226 0.08832131219179694
