0 0.78338 0.778929 0.035086 0.08246700000000001
0 0.7327789999999998 0.560278 0.030171999999999997 0.092004
0 0.75064 0.65795 0.037166 0.079207
0 0.269754 0.609596 0.034745 0.083523
0 0.646171 0.159941 0.033838 0.100166
0 0.6814529999999999 0.334726 0.037576 0.096352
0 0.38222200000000006 0.780031 0.028067 0.08703
0 0.3693199999999999 0.3756209999999999 0.031783 0.079977
0 0.717455 0.50366 0.024715 0.078654
0 0.910065 0.476207 0.020094000000000004 0.089839
0 0.127789 0.61797 0.027982 0.074956
0 0.280352 0.282097 0.031591 0.071708
0 0.665152 0.257579 0.031276 0.053222
0 0.34805099999999994 0.167407 0.027537 0.053538
0 0.36845600000000006 0.494308 0.023293999999999995 0.08144400000000002
0 0.148569 0.29386300000000004 0.027421 0.05648
0 0.5855450000000001 0.067315 0.036859 0.048933
