0 0.172636 0.392239 0.090743 0.225105
0 0.2821560000000001 0.280459 0.044356 0.250867
0 0.254817 0.529756 0.057646 0.311276
0 0.37147899999999995 0.593577 0.054065 0.24343299999999998
0 0.443303 0.42902700000000005 0.06336 0.288537
0 0.31068699999999994 0.563857 0.08518 0.130348
0 0.584019 0.547324 0.071884 0.316607
0 0.6611499999999999 0.603039 0.09145500000000001 0.326327
0 0.39332538736591177 0.7818831942789033 0.07151370679380215 0.30512514898688914
0 0.24874577359028005 0.37851208726486685 0.045832554597874026 0.2948098057366282
0 0.27499532758724426 0.48813985422220596 0.06833217230955771 0.18814495139975768
0 0.3995765441760111 0.3170316503901429 0.08083195992715979 0.30814291252873705
0 0.4787418657541571 0.3688826212483438 0.07583204488011887 0.27851378632405077
0 0.7183211284248625 0.5466573784764613 0.07499872570561208 0.3288833008720174
0 0.5554072298087829 0.42665941734748203 0.06916549148406453 0.1837005824690547
0 0.6116562740879918 0.5155467959615407 0.051665788819421576 0.2785137863240507
0 0.5091580156236553 0.5599904852685701 0.1249978761760201 0.1837005824690547
0 0.5008248238785873 0.616285825057474 0.09166510919574812 0.1777747572281175
