0 0.56664 0.638878 0.041449 0.10151099999999999
0 0.5345150000000001 0.719268 0.042587 0.11212300000000001
0 0.7416799999999999 0.6480380000000001 0.025686 0.1174
0 0.616088 0.595436 0.023275 0.09972399999999998
0 0.6949560000000001 0.799826 0.022884 0.12004299999999998
0 0.224745 0.184466 0.036106 0.106124
0 0.304586 0.559912 0.026307 0.11413000000000001
0 0.526106 0.354657 0.021078 0.103888
0 0.5710010000000001 0.8396770000000001 0.04216299999999999 0.10717
0 0.298289 0.3356509999999999 0.04479 0.095647
0 0.40645799999999993 0.518646 0.031664 0.083129
0 0.356171 0.43937799999999994 0.027093 0.098056
0 0.503534 0.552935 0.039146 0.073773
0 0.460664 0.6187640000000001 0.044275 0.096234
0 0.35508700000000004 0.319436 0.01927 0.098823
0 0.508469 0.462281 0.028967 0.099618
0 0.43615099999999996 0.4482940000000001 0.032435 0.06819
0 0.471704 0.48094799999999993 0.039478 0.066343
0 0.280682 0.17738299999999999 0.023953 0.098621
0 0.44499486559014484 0.5463882840072779 0.03462619817056613 0.06808653108286414
0 0.4436832671745931 0.5874267410983193 0.03620011626922825 0.08114422197546801
0 0.37836566608011607 0.4717729074781118 0.044069706762538845 0.08674037521515558
