0 0.777112 0.151959 0.043537 0.262917
0 0.36243999999999993 0.51073 0.059737 0.283263
0 0.546423 0.622339 0.154148 0.13062
0 0.253447 0.315321 0.078066 0.293093
0 0.833848 0.368393 0.074022 0.291042
0 0.313537 0.43058300000000005 0.071878 0.306003
0 0.674564 0.594056 0.086042 0.254027
0 0.9343340000000001 0.261729 0.082072 0.315203
0 0.31883194278903454 0.6600450271487219 0.06555423122765199 0.3114819229241159
0 0.4487485101311085 0.5445636339557675 0.10131108462455302 0.266984505363528
0 0.4481525625744935 0.6123692226195205 0.13110846245530403 0.10594623228711426
0 0.7765196662693683 0.43014170308568395 0.07032181168057221 0.3008872996954045
0 0.900476758045292 0.6187259965567473 0.08224076281287253 0.32631439544431196
