0 0.551739 0.723993 0.040438 0.133655
0 0.719578 0.24557099999999998 0.047782 0.09818500000000001
0 0.681074 0.379352 0.042942999999999995 0.109217
0 0.590934 0.43024300000000004 0.04614 0.106294
0 0.795874 0.631304 0.021765 0.133447
0 0.388145 0.318793 0.034571 0.10133900000000001
0 0.5049000000000001 0.497784 0.027523 0.11707099999999998
0 0.773903 0.579771 0.021389000000000002 0.134539
0 0.463492 0.633021 0.031245 0.122913
0 0.64717 0.208398 0.024497 0.10557
0 0.37395699999999993 0.762831 0.02553 0.138288
0 0.6818529999999999 0.4992039999999999 0.049878 0.08636
0 0.571133 0.626723 0.04622899999999999 0.068908
0 0.14722200000000002 0.49632999999999994 0.032603 0.115794
0 0.534958 0.39616 0.028355 0.101252
0 0.6636270000000001 0.546475 0.04209899999999999 0.066274
0 0.6634479999999999 0.7597069999999999 0.03498 0.116426
0 0.581322 0.555287 0.043802 0.079094
0 0.6364891507952376 0.7155676250276719 0.039988847170381515 0.08886410482306985
0 0.6441060740657865 0.6575943756907167 0.040940962579200074 0.09986632732497384
0 0.6472004491444469 0.6271266826085212 0.04046490487479062 0.08293983116819845
0 0.6364891507952376 0.5881957414479383 0.040940962579200074 0.08124718155252098
