0 0.22563300000000003 0.790942 0.058192 0.109071
0 0.33574199999999993 0.165731 0.039908 0.091867
0 0.309671 0.396014 0.04147399999999999 0.098675
0 0.298562 0.8026410000000002 0.036816 0.099856
0 0.157446 0.53961 0.035609 0.113964
0 0.46386199999999994 0.605907 0.025576 0.115391
0 0.299498 0.314218 0.031568 0.100575
0 0.12853399999999998 0.611486 0.037202 0.112778
0 0.3922240000000001 0.396641 0.027334 0.096841
0 0.325631 0.6818579999999999 0.046636 0.100189
0 0.364163 0.46772800000000003 0.03827 0.071692
0 0.352305 0.546152 0.051465 0.071727
0 0.415347 0.176399 0.030026 0.093592
0 0.247612 0.6360439999999999 0.044524 0.08972799999999999
0 0.34955 0.631938 0.049591 0.09589300000000002
0 0.28530600000000006 0.48362099999999997 0.035936 0.059802
0 0.416235 0.313323 0.024597 0.10207700000000001
0 0.388781 0.49944900000000003 0.029995000000000004 0.105366
0 0.893509 0.518721 0.027353000000000002 0.10296699999999999
0 0.2704026710911532 0.5999087419928704 0.03934140065564538 0.07942369397900549
0 0.29340738842369163 0.5720511776868014 0.041341810858474874 0.07823826571066213
0 0.2850723459119024 0.5358956155023288 0.03534058024998657 0.06756941129557177
