0 0.80596 0.429009 0.051338 0.09993199999999999
0 0.746821 0.509448 0.050659 0.104499
0 0.422661 0.705403 0.039132 0.097209
0 0.6662240000000001 0.6609940000000001 0.031378 0.091842
0 0.6106609999999999 0.733772 0.031022000000000004 0.097075
0 0.795816 0.295555 0.025247 0.092285
0 0.9254730000000001 0.159568 0.025278000000000002 0.092004
0 0.396839 0.5503230000000001 0.019821 0.09835
0 0.937751 0.420654 0.025014 0.09873099999999999
0 0.8513600000000001 0.33541599999999994 0.04205699999999999 0.086428
0 0.9524000000000001 0.451629 0.02155 0.09534599999999999
0 0.5864633954189407 0.8183261182774172 0.04865267830474998 0.14862289209839105
0 0.4583218342500922 0.7708155216230134 0.03905919244184155 0.10720339757916733
0 0.46037758122071537 0.7348780190254516 0.043170686383087895 0.09867585458991542
0 0.7774149793906876 0.8387447640142809 0.05413467022641186 0.06943856434105157
