0 0.5949280000000001 0.588594 0.06194800000000001 0.291478
0 0.48328599999999994 0.473403 0.06725 0.280781
0 0.618879 0.54461 0.044104000000000004 0.30559
0 0.24421800000000002 0.30369 0.072985 0.286373
0 0.7884730000000001 0.34881799999999996 0.066635 0.291525
0 0.31331 0.239817 0.069314 0.26474
0 0.5423089999999999 0.750935 0.07265 0.30345
0 0.3009535160905841 0.43861740166865315 0.07032181168057211 0.1652761223678983
0 0.6823599523241956 0.6918288968348563 0.06793802145411192 0.29453052575817773
0 0.33373063170441 0.7797642696331611 0.0834326579261025 0.2924116011124355
0 0.40703218116805717 0.5901205138392265 0.05363528009535166 0.32843332009005427
0 0.3903456495828367 0.39306052178519396 0.05840286054827182 0.18010859488809428
0 0.4123957091775924 0.45133094954310676 0.05721096543504174 0.27969805323798164
0 0.45709177592371875 0.6738180373460468 0.060786650774731825 0.18646536882532116
