0 0.742405 0.7458679999999999 0.075806 0.16818999999999998
0 0.768305 0.518778 0.050473 0.157663
0 0.44912599999999997 0.358486 0.065024 0.111617
0 0.819178 0.620154 0.049837 0.16482
0 0.6309460000000001 0.647007 0.071135 0.112977
0 0.69191 0.3679859999999999 0.04739800000000001 0.145545
0 0.17883499999999997 0.585472 0.051416 0.154635
0 0.40998000000000007 0.26563200000000003 0.037642 0.149485
0 0.337084 0.5581869999999999 0.060594 0.122353
0 0.540273 0.696875 0.067868 0.12460900000000001
0 0.521496 0.624806 0.061805000000000006 0.09551
0 0.601601 0.547425 0.057549 0.09629599999999999
0 0.43849499999999997 0.497506 0.037768 0.176567
0 0.579647 0.487322 0.05453 0.08367
0 0.533497 0.47539299999999995 0.053517999999999996 0.114566
0 0.50634 0.54109 0.03519 0.139635
0 0.4946169999999999 0.43073900000000004 0.05125 0.07429
0 0.393082 0.42918600000000007 0.069123 0.092604
0 0.473409 0.5517350000000001 0.045776 0.139843
0 0.368803 0.389495 0.055419 0.094768
0 0.42484299999999997 0.4722410000000001 0.061411 0.08955200000000002
0 0.992615 0.229109 0.013986999999999998 0.1567
0 0.988745 0.22844700000000004 0.02184 0.159172
0 0.507943 0.523995 0.033037 0.104268
0 0.476271610598736 0.5057494817248953 0.050957183352841114 0.11323818522853585
