0 0.412643 0.570966 0.048815 0.131051
0 0.17149099999999998 0.529135 0.051339 0.135208
0 0.541522 0.339171 0.048951 0.143405
0 0.7122099999999999 0.600754 0.035287 0.131656
0 0.600116 0.74226 0.072605 0.134989
0 0.5350050000000001 0.6332040000000001 0.047513 0.142926
0 0.875557 0.8077629999999999 0.040362 0.145741
0 0.537611 0.49110800000000004 0.048986999999999996 0.137146
0 0.6383987165406364 0.5754355472438694 0.03347409000587618 0.13920970764348448
0 0.6661941662776585 0.5408987877139974 0.03168083518413255 0.13602169907149644
0 0.611201018410862 0.5313347619980326 0.02450781589715916 0.11264296954358287
0 0.6201672925195789 0.4611985734142924 0.05200438983055747 0.1083922914475987
0 0.5843021960847117 0.4691685948442628 0.06395942197551328 0.11370563906757901
0 0.42141488310968983 0.4213484662644399 0.05260214143780523 0.13920970764348461
0 0.38764191730018976 0.4186917924544497 0.041244860900097324 0.1253950038315356
0 0.3951138123907871 0.3990324062605225 0.027496573933398168 0.12645767335553182
