0 0.422468 0.500348 0.029508 0.118468
0 0.480246 0.411145 0.026494 0.105164
0 0.37525400000000003 0.729539 0.025751 0.133149
0 0.512602 0.550555 0.020184999999999998 0.11622099999999999
0 0.47692300000000004 0.621592 0.026114 0.12111
0 0.484799 0.7367540000000001 0.017912 0.117477
0 0.44184999999999997 0.212924 0.016081 0.1063
0 0.426604 0.659092 0.026576 0.11958
0 0.81001 0.4879899999999999 0.025534999999999995 0.111753
0 0.262178 0.501801 0.021336 0.125564
0 0.28489 0.417508 0.022898 0.112781
0 0.224968 0.515554 0.023038 0.116592
0 0.290878 0.692393 0.035518 0.132845
0 0.34690899999999997 0.200821 0.022950000000000005 0.10226799999999998
0 0.32784399999999997 0.479478 0.033572 0.066142
0 0.184621 0.612665 0.032692 0.107683
0 0.334852 0.581945 0.041134 0.082984
0 0.318464 0.534472 0.035802 0.080949
0 0.30431668388444805 0.6027923565619008 0.038550673966168 0.08618736536543985
0 0.29059030754800946 0.641732431275202 0.042639381811064754 0.11422421915901651
0 0.3963126103946219 0.5934467386307086 0.04964859525945883 0.0737265414571835
0 0.40507412720511465 0.4350904347966176 0.03329376387987246 0.10799380720488834
