0 0.697032 0.505579 0.019381 0.063112
0 0.547703 0.534572 0.017806 0.077477
0 0.17989899999999998 0.499827 0.017207 0.065098
0 0.6372780000000001 0.48918600000000007 0.014762000000000003 0.061196
0 0.6709889999999998 0.42022 0.02296 0.058571
0 0.08001500000000002 0.5095040000000001 0.018387 0.069835
0 0.683284 0.742647 0.025598 0.05999000000000001
0 0.139639 0.497752 0.016717 0.048291
0 0.51887 0.40122099999999994 0.017185 0.057691
0 0.23970300000000003 0.4773990000000001 0.020369 0.059541
0 0.7639109999999999 0.82804 0.016701 0.07258
0 0.260652 0.47736200000000006 0.028472 0.046684
0 0.07871 0.458087 0.025154 0.057524
0 0.480106 0.42251400000000006 0.014058 0.045665
0 0.5980242408779274 0.4093753432288091 0.015103209777406902 0.05817532655001152
0 0.5634127184713701 0.2639370268537803 0.025172016295678005 0.04922527631154825
0 0.5876407841559602 0.2706495645326278 0.025801316703070044 0.029087663275005723
0 0.1156997520008915 0.5261497604053079 0.01886014766158734 0.07092705103502922
0 0.10880854420146538 0.5022924796026164 0.017409367072234457 0.05803122357411482
0 0.11588109957456062 0.48133675997863035 0.025025965166337035 0.05867601494716055
0 0.12095883163729568 0.4349117811193385 0.027202136050366352 0.056096849454977685
0 0.1155184044272224 0.419759183852764 0.020673623398278416 0.05545205808193195
